1000 960 2440 2400 0 2
1000 27840 2440 29280 0 2
1860 120 3300 1560 0 2
1860 8520 3300 9960 0 2
1860 12720 3300 14160 0 2
1860 16080 3300 17520 0 2
1860 20280 3300 21720 0 2
1860 28680 3300 30120 0 2
2720 960 4160 2400 0 2
2720 8520 4160 9960 0 2
2720 20280 4160 21720 0 2
2720 27840 4160 29280 0 2
3580 -720 5020 720 0 2
3580 120 5020 1560 0 2
3580 27000 5020 28440 0 2
3580 28680 5020 30120 0 2
5300 8520 6740 9960 0 2
5300 20280 6740 21720 0 2
6160 960 7600 2400 0 2
6160 27840 7600 29280 0 2
7020 120 8460 1560 0 2
7020 8520 8460 9960 0 2
7020 12720 8460 14160 0 2
7020 16080 8460 17520 0 2
7020 20280 8460 21720 0 2
7020 28680 8460 30120 0 2
7880 960 9320 2400 0 2
7880 27840 9320 29280 0 2
8740 960 10180 2400 0 2
8740 1800 10180 3240 0 2
9600 27840 11040 29280 0 2
9600 29520 11040 30960 0 2
10460 -720 11900 720 0 2
10460 960 11900 2400 0 2
11320 960 12760 2400 0 2
11320 27840 12760 29280 0 2
12180 120 13620 1560 0 2
12180 8520 13620 9960 0 2
12180 12720 13620 14160 0 2
12180 16080 13620 17520 0 2
12180 20280 13620 21720 0 2
12180 28680 13620 30120 0 2
13040 960 14480 2400 0 2
13040 8520 14480 9960 0 2
13040 20280 14480 21720 0 2
13040 27840 14480 29280 0 2
13900 -720 15340 720 0 2
13900 120 15340 1560 0 2
13900 27000 15340 28440 0 2
13900 28680 15340 30120 0 2
15620 120 17060 1560 0 2
15620 1800 17060 3240 0 2
15620 8520 17060 9960 0 2
15620 20280 17060 21720 0 2
15620 28680 17060 30120 0 2
15620 29520 17060 30960 0 2
16480 960 17920 2400 0 2
16480 27840 17920 29280 0 2
17340 120 18780 1560 0 2
17340 8520 18780 9960 0 2
17340 12720 18780 14160 0 2
17340 16080 18780 17520 0 2
17340 20280 18780 21720 0 2
17340 28680 18780 30120 0 2
18200 960 19640 2400 0 2
18200 27840 19640 29280 0 2
19060 960 20500 2400 0 2
19060 1800 20500 3240 0 2
20780 -720 22220 720 0 2
20780 960 22220 2400 0 2
20780 27000 22220 28440 0 2
20780 27840 22220 29280 0 2
21640 960 23080 2400 0 2
21640 27840 23080 29280 0 2
22500 120 23940 1560 0 2
22500 8520 23940 9960 0 2
22500 12720 23940 14160 0 2
22500 16080 23940 17520 0 2
22500 20280 23940 21720 0 2
22500 28680 23940 30120 0 2
23360 960 24800 2400 0 2
23360 8520 24800 9960 0 2
23360 20280 24800 21720 0 2
23360 27840 24800 29280 0 2
24220 -720 25660 720 0 2
24220 120 25660 1560 0 2
24220 27000 25660 28440 0 2
24220 28680 25660 30120 0 2
25940 -720 27380 720 0 2
25940 960 27380 2400 0 2
25940 8520 27380 9960 0 2
25940 20280 27380 21720 0 2
25940 27000 27380 28440 0 2
25940 27840 27380 29280 0 2
26800 960 28240 2400 0 2
26800 27840 28240 29280 0 2
27660 120 29100 1560 0 2
27660 8520 29100 9960 0 2
27660 12720 29100 14160 0 2
27660 16080 29100 17520 0 2
27660 20280 29100 21720 0 2
27660 28680 29100 30120 0 2
28520 960 29960 2400 0 2
28520 27840 29960 29280 0 2
11400 27080 12680 28360 1 2
11400 27920 12680 29200 1 2
26020 200 27300 1480 1 2
26020 1880 27300 3160 1 2
