780 1400 4380 1960 1 2
780 1400 4380 1960 2 2
760 1400 4400 1960 0 2
760 1400 4400 1960 1 2
780 28280 4380 28840 1 2
780 28280 4380 28840 2 2
760 28280 4400 28840 0 2
760 28280 4400 28840 1 2
1470 220 1970 8180 0 2
1470 220 1970 8180 1 2
1470 22060 1970 30020 0 2
1470 22060 1970 30020 1 2
1640 560 5240 1120 1 2
1640 560 5240 1120 2 2
1620 560 5260 1120 0 2
1620 560 5260 1120 1 2
1640 8960 5240 9520 1 2
1640 8960 5240 9520 2 2
1620 8960 5260 9520 0 2
1620 8960 5260 9520 1 2
1640 13160 5240 13720 1 2
1640 13160 5240 13720 2 2
1620 13160 5260 13720 0 2
1620 13160 5260 13720 1 2
1640 16520 5240 17080 1 2
1640 16520 5240 17080 2 2
1620 16520 5260 17080 0 2
1620 16520 5260 17080 1 2
1640 20720 5240 21280 1 2
1640 20720 5240 21280 2 2
1620 20720 5260 21280 0 2
1620 20720 5260 21280 1 2
1640 29120 5240 29680 1 2
1640 29120 5240 29680 2 2
1620 29120 5260 29680 0 2
1620 29120 5260 29680 1 2
2330 220 2830 8180 0 2
2330 220 2830 8180 1 2
2330 7780 2830 10700 0 2
2330 7780 2830 10700 1 2
2330 11980 2830 14900 0 2
2330 11980 2830 14900 1 2
2330 15340 2830 18260 0 2
2330 15340 2830 18260 1 2
2330 19540 2830 22460 0 2
2330 19540 2830 22460 1 2
2330 22060 2830 30020 0 2
2330 22060 2830 30020 1 2
2500 8960 4380 9520 1 2
2500 8960 4380 9520 2 2
2480 8960 4400 9520 0 2
2480 8960 4400 9520 1 2
2500 20720 4380 21280 1 2
2500 20720 4380 21280 2 2
2480 20720 4400 21280 0 2
2480 20720 4400 21280 1 2
2520 8960 4360 9520 1 2
2520 8960 4360 9520 2 2
2500 8960 4380 9520 0 2
2500 8960 4380 9520 1 2
2520 20720 4360 21280 1 2
2520 20720 4360 21280 2 2
2500 20720 4380 21280 0 2
2500 20720 4380 21280 1 2
3190 220 3690 8180 0 2
3190 220 3690 8180 1 2
3190 8620 3690 9860 0 2
3190 8620 3690 9860 1 2
3190 8790 3690 21450 0 2
3190 8790 3690 21450 1 2
3190 20380 3690 21620 0 2
3190 20380 3690 21620 1 2
3190 22060 3690 30020 0 2
3190 22060 3690 30020 1 2
3360 560 5240 1120 1 2
3360 560 5240 1120 2 2
3340 560 5260 1120 0 2
3340 560 5260 1120 1 2
3360 27440 5240 28000 1 2
3360 27440 5240 28000 2 2
3340 27440 5260 28000 0 2
3340 27440 5260 28000 1 2
3360 29120 5240 29680 1 2
3360 29120 5240 29680 2 2
3340 29120 5260 29680 0 2
3340 29120 5260 29680 1 2
3380 560 5220 1120 1 2
3380 560 5220 1120 2 2
3360 560 5240 1120 0 2
3360 560 5240 1120 1 2
3380 29120 5220 29680 1 2
3380 29120 5220 29680 2 2
3360 29120 5240 29680 0 2
3360 29120 5240 29680 1 2
4050 -450 4550 1290 0 2
4050 -450 4550 1290 1 2
4050 220 4550 1460 0 2
4050 220 4550 1460 1 2
4050 27100 4550 28340 0 2
4050 27100 4550 28340 1 2
4050 27270 4550 29850 0 2
4050 27270 4550 29850 1 2
4050 28780 4550 30020 0 2
4050 28780 4550 30020 1 2
3700 13160 6620 13720 1 2
3700 13160 6620 13720 2 2
3680 13160 6640 13720 0 2
3680 13160 6640 13720 1 2
3700 16520 6620 17080 1 2
3700 16520 6620 17080 2 2
3680 16520 6640 17080 0 2
3680 16520 6640 17080 1 2
3700 27440 12640 28000 1 2
3700 27440 12640 28000 2 2
3680 27440 12660 28000 0 2
3680 27440 12660 28000 1 2
5080 560 8680 1120 1 2
5080 560 8680 1120 2 2
5060 560 8700 1120 0 2
5060 560 8700 1120 1 2
5080 8960 6960 9520 1 2
5080 8960 6960 9520 2 2
5060 8960 6980 9520 0 2
5060 8960 6980 9520 1 2
5080 13160 8680 13720 1 2
5080 13160 8680 13720 2 2
5060 13160 8700 13720 0 2
5060 13160 8700 13720 1 2
5080 16520 8680 17080 1 2
5080 16520 8680 17080 2 2
5060 16520 8700 17080 0 2
5060 16520 8700 17080 1 2
5080 20720 6960 21280 1 2
5080 20720 6960 21280 2 2
5060 20720 6980 21280 0 2
5060 20720 6980 21280 1 2
5080 29120 8680 29680 1 2
5080 29120 8680 29680 2 2
5060 29120 8700 29680 0 2
5060 29120 8700 29680 1 2
5100 8960 6940 9520 1 2
5100 8960 6940 9520 2 2
5080 8960 6960 9520 0 2
5080 8960 6960 9520 1 2
5100 20720 6940 21280 1 2
5100 20720 6940 21280 2 2
5080 20720 6960 21280 0 2
5080 20720 6960 21280 1 2
5770 8620 6270 9860 0 2
5770 8620 6270 9860 1 2
5770 8790 6270 21450 0 2
5770 8790 6270 21450 1 2
5770 20380 6270 21620 0 2
5770 20380 6270 21620 1 2
5940 1400 9540 1960 1 2
5940 1400 9540 1960 2 2
5920 1400 9560 1960 0 2
5920 1400 9560 1960 1 2
5940 28280 9540 28840 1 2
5940 28280 9540 28840 2 2
5920 28280 9560 28840 0 2
5920 28280 9560 28840 1 2
6630 220 7130 8180 0 2
6630 220 7130 8180 1 2
6630 22060 7130 30020 0 2
6630 22060 7130 30020 1 2
7490 220 7990 8180 0 2
7490 220 7990 8180 1 2
7490 7780 7990 10700 0 2
7490 7780 7990 10700 1 2
7490 11980 7990 14900 0 2
7490 11980 7990 14900 1 2
7490 15340 7990 18260 0 2
7490 15340 7990 18260 1 2
7490 19540 7990 22460 0 2
7490 19540 7990 22460 1 2
7490 22060 7990 30020 0 2
7490 22060 7990 30020 1 2
7140 13160 13500 13720 1 2
7140 13160 13500 13720 2 2
7120 13160 13520 13720 0 2
7120 13160 13520 13720 1 2
7140 16520 13500 17080 1 2
7140 16520 13500 17080 2 2
7120 16520 13520 17080 0 2
7120 16520 13520 17080 1 2
8350 220 8850 8180 0 2
8350 220 8850 8180 1 2
8350 22060 8850 30020 0 2
8350 22060 8850 30020 1 2
8000 1400 10060 1960 1 2
8000 1400 10060 1960 2 2
7980 1400 10080 1960 0 2
7980 1400 10080 1960 1 2
8000 28280 10920 28840 1 2
8000 28280 10920 28840 2 2
7980 28280 10940 28840 0 2
7980 28280 10940 28840 1 2
8520 1400 10400 1960 1 2
8520 1400 10400 1960 2 2
8500 1400 10420 1960 0 2
8500 1400 10420 1960 1 2
8520 2240 10400 2800 1 2
8520 2240 10400 2800 2 2
8500 2240 10420 2800 0 2
8500 2240 10420 2800 1 2
9210 1060 9710 2300 0 2
9210 1060 9710 2300 1 2
9210 1230 9710 2970 0 2
9210 1230 9710 2970 1 2
9210 1900 9710 3140 0 2
9210 1900 9710 3140 1 2
8860 2240 16940 2800 1 2
8860 2240 16940 2800 2 2
8840 2240 16960 2800 0 2
8840 2240 16960 2800 1 2
9380 28280 11260 28840 1 2
9380 28280 11260 28840 2 2
9360 28280 11280 28840 0 2
9360 28280 11280 28840 1 2
9380 29960 11260 30520 1 2
9380 29960 11260 30520 2 2
9360 29960 11280 30520 0 2
9360 29960 11280 30520 1 2
10070 27940 10570 29180 0 2
10070 27940 10570 29180 1 2
10070 28110 10570 30690 0 2
10070 28110 10570 30690 1 2
10070 29620 10570 30860 0 2
10070 29620 10570 30860 1 2
9720 29960 16940 30520 1 2
9720 29960 16940 30520 2 2
9700 29960 16960 30520 0 2
9700 29960 16960 30520 1 2
10240 1400 12120 1960 1 2
10240 1400 12120 1960 2 2
10220 1400 12140 1960 0 2
10220 1400 12140 1960 1 2
10930 -450 11430 2130 0 2
10930 -450 11430 2130 1 2
10930 1060 11430 2300 0 2
10930 1060 11430 2300 1 2
10580 1400 12640 1960 1 2
10580 1400 12640 1960 2 2
10560 1400 12660 1960 0 2
10560 1400 12660 1960 1 2
11100 1400 14700 1960 1 2
11100 1400 14700 1960 2 2
11080 1400 14720 1960 0 2
11080 1400 14720 1960 1 2
11100 28280 14700 28840 1 2
11100 28280 14700 28840 2 2
11080 28280 14720 28840 0 2
11080 28280 14720 28840 1 2
11120 27440 12960 28000 1 2
11120 27440 12960 28000 2 2
11100 27440 12980 28000 0 2
11100 27440 12980 28000 1 2
11120 28280 12960 28840 1 2
11120 28280 12960 28840 2 2
11100 28280 12980 28840 0 2
11100 28280 12980 28840 1 2
11760 26750 12320 28690 2 2
11760 26750 12320 28690 3 2
11760 26800 12320 28640 1 2
11760 26800 12320 28640 2 2
11760 27070 12320 29210 2 2
11760 27070 12320 29210 3 2
11760 27120 12320 29160 1 2
11760 27120 12320 29160 2 2
11760 27590 12320 29530 2 2
11760 27590 12320 29530 3 2
11760 27640 12320 29480 1 2
11760 27640 12320 29480 2 2
11790 220 12290 8180 0 2
11790 220 12290 8180 1 2
11790 22060 12290 30020 0 2
11790 22060 12290 30020 1 2
11960 560 15560 1120 1 2
11960 560 15560 1120 2 2
11940 560 15580 1120 0 2
11940 560 15580 1120 1 2
11960 8960 15560 9520 1 2
11960 8960 15560 9520 2 2
11940 8960 15580 9520 0 2
11940 8960 15580 9520 1 2
11960 13160 15560 13720 1 2
11960 13160 15560 13720 2 2
11940 13160 15580 13720 0 2
11940 13160 15580 13720 1 2
11960 16520 15560 17080 1 2
11960 16520 15560 17080 2 2
11940 16520 15580 17080 0 2
11940 16520 15580 17080 1 2
11960 20720 15560 21280 1 2
11960 20720 15560 21280 2 2
11940 20720 15580 21280 0 2
11940 20720 15580 21280 1 2
11960 29120 15560 29680 1 2
11960 29120 15560 29680 2 2
11940 29120 15580 29680 0 2
11940 29120 15580 29680 1 2
12650 220 13150 8180 0 2
12650 220 13150 8180 1 2
12650 7780 13150 10700 0 2
12650 7780 13150 10700 1 2
12650 11980 13150 14900 0 2
12650 11980 13150 14900 1 2
12650 15340 13150 18260 0 2
12650 15340 13150 18260 1 2
12650 19540 13150 22460 0 2
12650 19540 13150 22460 1 2
12650 22060 13150 30020 0 2
12650 22060 13150 30020 1 2
12820 8960 14700 9520 1 2
12820 8960 14700 9520 2 2
12800 8960 14720 9520 0 2
12800 8960 14720 9520 1 2
12820 20720 14700 21280 1 2
12820 20720 14700 21280 2 2
12800 20720 14720 21280 0 2
12800 20720 14720 21280 1 2
12840 8960 14680 9520 1 2
12840 8960 14680 9520 2 2
12820 8960 14700 9520 0 2
12820 8960 14700 9520 1 2
12840 20720 14680 21280 1 2
12840 20720 14680 21280 2 2
12820 20720 14700 21280 0 2
12820 20720 14700 21280 1 2
13510 220 14010 8180 0 2
13510 220 14010 8180 1 2
13510 8620 14010 9860 0 2
13510 8620 14010 9860 1 2
13510 8790 14010 21450 0 2
13510 8790 14010 21450 1 2
13510 20380 14010 21620 0 2
13510 20380 14010 21620 1 2
13510 22060 14010 30020 0 2
13510 22060 14010 30020 1 2
13680 560 15560 1120 1 2
13680 560 15560 1120 2 2
13660 560 15580 1120 0 2
13660 560 15580 1120 1 2
13680 27440 15560 28000 1 2
13680 27440 15560 28000 2 2
13660 27440 15580 28000 0 2
13660 27440 15580 28000 1 2
13680 29120 15560 29680 1 2
13680 29120 15560 29680 2 2
13660 29120 15580 29680 0 2
13660 29120 15580 29680 1 2
13700 560 15540 1120 1 2
13700 560 15540 1120 2 2
13680 560 15560 1120 0 2
13680 560 15560 1120 1 2
13700 29120 15540 29680 1 2
13700 29120 15540 29680 2 2
13680 29120 15560 29680 0 2
13680 29120 15560 29680 1 2
14370 -450 14870 1290 0 2
14370 -450 14870 1290 1 2
14370 220 14870 1460 0 2
14370 220 14870 1460 1 2
14370 27100 14870 28340 0 2
14370 27100 14870 28340 1 2
14370 27270 14870 29850 0 2
14370 27270 14870 29850 1 2
14370 28780 14870 30020 0 2
14370 28780 14870 30020 1 2
14020 13160 16940 13720 1 2
14020 13160 16940 13720 2 2
14000 13160 16960 13720 0 2
14000 13160 16960 13720 1 2
14020 16520 16940 17080 1 2
14020 16520 16940 17080 2 2
14000 16520 16960 17080 0 2
14000 16520 16960 17080 1 2
14020 27440 22100 28000 1 2
14020 27440 22100 28000 2 2
14000 27440 22120 28000 0 2
14000 27440 22120 28000 1 2
15400 560 17280 1120 1 2
15400 560 17280 1120 2 2
15380 560 17300 1120 0 2
15380 560 17300 1120 1 2
15400 2240 17280 2800 1 2
15400 2240 17280 2800 2 2
15380 2240 17300 2800 0 2
15380 2240 17300 2800 1 2
15400 8960 17280 9520 1 2
15400 8960 17280 9520 2 2
15380 8960 17300 9520 0 2
15380 8960 17300 9520 1 2
15400 13160 19000 13720 1 2
15400 13160 19000 13720 2 2
15380 13160 19020 13720 0 2
15380 13160 19020 13720 1 2
15400 16520 19000 17080 1 2
15400 16520 19000 17080 2 2
15380 16520 19020 17080 0 2
15380 16520 19020 17080 1 2
15400 20720 17280 21280 1 2
15400 20720 17280 21280 2 2
15380 20720 17300 21280 0 2
15380 20720 17300 21280 1 2
15400 29120 17280 29680 1 2
15400 29120 17280 29680 2 2
15380 29120 17300 29680 0 2
15380 29120 17300 29680 1 2
15400 29960 17280 30520 1 2
15400 29960 17280 30520 2 2
15380 29960 17300 30520 0 2
15380 29960 17300 30520 1 2
15420 560 17260 1120 1 2
15420 560 17260 1120 2 2
15400 560 17280 1120 0 2
15400 560 17280 1120 1 2
15420 8960 17260 9520 1 2
15420 8960 17260 9520 2 2
15400 8960 17280 9520 0 2
15400 8960 17280 9520 1 2
15420 20720 17260 21280 1 2
15420 20720 17260 21280 2 2
15400 20720 17280 21280 0 2
15400 20720 17280 21280 1 2
15420 29120 17260 29680 1 2
15420 29120 17260 29680 2 2
15400 29120 17280 29680 0 2
15400 29120 17280 29680 1 2
16090 220 16590 1460 0 2
16090 220 16590 1460 1 2
16090 390 16590 2970 0 2
16090 390 16590 2970 1 2
16090 1900 16590 3140 0 2
16090 1900 16590 3140 1 2
16090 8620 16590 9860 0 2
16090 8620 16590 9860 1 2
16090 8790 16590 21450 0 2
16090 8790 16590 21450 1 2
16090 20380 16590 21620 0 2
16090 20380 16590 21620 1 2
16090 28780 16590 30020 0 2
16090 28780 16590 30020 1 2
16090 28950 16590 30690 0 2
16090 28950 16590 30690 1 2
16090 29620 16590 30860 0 2
16090 29620 16590 30860 1 2
16260 1400 19860 1960 1 2
16260 1400 19860 1960 2 2
16240 1400 19880 1960 0 2
16240 1400 19880 1960 1 2
16950 220 17450 8180 0 2
16950 220 17450 8180 1 2
16950 22060 17450 30020 0 2
16950 22060 17450 30020 1 2
17810 220 18310 8180 0 2
17810 220 18310 8180 1 2
17810 7780 18310 10700 0 2
17810 7780 18310 10700 1 2
17810 11980 18310 14900 0 2
17810 11980 18310 14900 1 2
17810 15340 18310 18260 0 2
17810 15340 18310 18260 1 2
17810 19540 18310 22460 0 2
17810 19540 18310 22460 1 2
17810 22060 18310 30020 0 2
17810 22060 18310 30020 1 2
17460 13160 23820 13720 1 2
17460 13160 23820 13720 2 2
17440 13160 23840 13720 0 2
17440 13160 23840 13720 1 2
17460 16520 23820 17080 1 2
17460 16520 23820 17080 2 2
17440 16520 23840 17080 0 2
17440 16520 23840 17080 1 2
18670 220 19170 8180 0 2
18670 220 19170 8180 1 2
18670 22060 19170 30020 0 2
18670 22060 19170 30020 1 2
18320 1400 20380 1960 1 2
18320 1400 20380 1960 2 2
18300 1400 20400 1960 0 2
18300 1400 20400 1960 1 2
18840 1400 20720 1960 1 2
18840 1400 20720 1960 2 2
18820 1400 20740 1960 0 2
18820 1400 20740 1960 1 2
18840 2240 20720 2800 1 2
18840 2240 20720 2800 2 2
18820 2240 20740 2800 0 2
18820 2240 20740 2800 1 2
19530 1060 20030 2300 0 2
19530 1060 20030 2300 1 2
19530 1230 20030 2970 0 2
19530 1230 20030 2970 1 2
19530 1900 20030 3140 0 2
19530 1900 20030 3140 1 2
19180 2240 27260 2800 1 2
19180 2240 27260 2800 2 2
19160 2240 27280 2800 0 2
19160 2240 27280 2800 1 2
20560 1400 22440 1960 1 2
20560 1400 22440 1960 2 2
20540 1400 22460 1960 0 2
20540 1400 22460 1960 1 2
20560 27440 22440 28000 1 2
20560 27440 22440 28000 2 2
20540 27440 22460 28000 0 2
20540 27440 22460 28000 1 2
20560 28280 22440 28840 1 2
20560 28280 22440 28840 2 2
20540 28280 22460 28840 0 2
20540 28280 22460 28840 1 2
21250 -450 21750 2130 0 2
21250 -450 21750 2130 1 2
21250 1060 21750 2300 0 2
21250 1060 21750 2300 1 2
21250 27100 21750 28340 0 2
21250 27100 21750 28340 1 2
21250 27270 21750 29010 0 2
21250 27270 21750 29010 1 2
21250 27940 21750 29180 0 2
21250 27940 21750 29180 1 2
20900 1400 22960 1960 1 2
20900 1400 22960 1960 2 2
20880 1400 22980 1960 0 2
20880 1400 22980 1960 1 2
20900 28280 22960 28840 1 2
20900 28280 22960 28840 2 2
20880 28280 22980 28840 0 2
20880 28280 22980 28840 1 2
21420 1400 25020 1960 1 2
21420 1400 25020 1960 2 2
21400 1400 25040 1960 0 2
21400 1400 25040 1960 1 2
21420 28280 25020 28840 1 2
21420 28280 25020 28840 2 2
21400 28280 25040 28840 0 2
21400 28280 25040 28840 1 2
22110 220 22610 8180 0 2
22110 220 22610 8180 1 2
22110 22060 22610 30020 0 2
22110 22060 22610 30020 1 2
22280 560 25880 1120 1 2
22280 560 25880 1120 2 2
22260 560 25900 1120 0 2
22260 560 25900 1120 1 2
22280 8960 25880 9520 1 2
22280 8960 25880 9520 2 2
22260 8960 25900 9520 0 2
22260 8960 25900 9520 1 2
22280 13160 25880 13720 1 2
22280 13160 25880 13720 2 2
22260 13160 25900 13720 0 2
22260 13160 25900 13720 1 2
22280 16520 25880 17080 1 2
22280 16520 25880 17080 2 2
22260 16520 25900 17080 0 2
22260 16520 25900 17080 1 2
22280 20720 25880 21280 1 2
22280 20720 25880 21280 2 2
22260 20720 25900 21280 0 2
22260 20720 25900 21280 1 2
22280 29120 25880 29680 1 2
22280 29120 25880 29680 2 2
22260 29120 25900 29680 0 2
22260 29120 25900 29680 1 2
22970 220 23470 8180 0 2
22970 220 23470 8180 1 2
22970 7780 23470 10700 0 2
22970 7780 23470 10700 1 2
22970 11980 23470 14900 0 2
22970 11980 23470 14900 1 2
22970 15340 23470 18260 0 2
22970 15340 23470 18260 1 2
22970 19540 23470 22460 0 2
22970 19540 23470 22460 1 2
22970 22060 23470 30020 0 2
22970 22060 23470 30020 1 2
23140 8960 25020 9520 1 2
23140 8960 25020 9520 2 2
23120 8960 25040 9520 0 2
23120 8960 25040 9520 1 2
23140 20720 25020 21280 1 2
23140 20720 25020 21280 2 2
23120 20720 25040 21280 0 2
23120 20720 25040 21280 1 2
23160 8960 25000 9520 1 2
23160 8960 25000 9520 2 2
23140 8960 25020 9520 0 2
23140 8960 25020 9520 1 2
23160 20720 25000 21280 1 2
23160 20720 25000 21280 2 2
23140 20720 25020 21280 0 2
23140 20720 25020 21280 1 2
23830 220 24330 8180 0 2
23830 220 24330 8180 1 2
23830 8620 24330 9860 0 2
23830 8620 24330 9860 1 2
23830 8790 24330 21450 0 2
23830 8790 24330 21450 1 2
23830 20380 24330 21620 0 2
23830 20380 24330 21620 1 2
23830 22060 24330 30020 0 2
23830 22060 24330 30020 1 2
24000 560 25880 1120 1 2
24000 560 25880 1120 2 2
23980 560 25900 1120 0 2
23980 560 25900 1120 1 2
24000 27440 25880 28000 1 2
24000 27440 25880 28000 2 2
23980 27440 25900 28000 0 2
23980 27440 25900 28000 1 2
24000 29120 25880 29680 1 2
24000 29120 25880 29680 2 2
23980 29120 25900 29680 0 2
23980 29120 25900 29680 1 2
24020 560 25860 1120 1 2
24020 560 25860 1120 2 2
24000 560 25880 1120 0 2
24000 560 25880 1120 1 2
24020 29120 25860 29680 1 2
24020 29120 25860 29680 2 2
24000 29120 25880 29680 0 2
24000 29120 25880 29680 1 2
24690 -450 25190 1290 0 2
24690 -450 25190 1290 1 2
24690 220 25190 1460 0 2
24690 220 25190 1460 1 2
24690 27100 25190 28340 0 2
24690 27100 25190 28340 1 2
24690 27270 25190 29850 0 2
24690 27270 25190 29850 1 2
24690 28780 25190 30020 0 2
24690 28780 25190 30020 1 2
24340 13160 27260 13720 1 2
24340 13160 27260 13720 2 2
24320 13160 27280 13720 0 2
24320 13160 27280 13720 1 2
24340 16520 27260 17080 1 2
24340 16520 27260 17080 2 2
24320 16520 27280 17080 0 2
24320 16520 27280 17080 1 2
24340 27440 27260 28000 1 2
24340 27440 27260 28000 2 2
24320 27440 27280 28000 0 2
24320 27440 27280 28000 1 2
25720 560 29320 1120 1 2
25720 560 29320 1120 2 2
25700 560 29340 1120 0 2
25700 560 29340 1120 1 2
25720 1400 27600 1960 1 2
25720 1400 27600 1960 2 2
25700 1400 27620 1960 0 2
25700 1400 27620 1960 1 2
25720 8960 27600 9520 1 2
25720 8960 27600 9520 2 2
25700 8960 27620 9520 0 2
25700 8960 27620 9520 1 2
25720 13160 29320 13720 1 2
25720 13160 29320 13720 2 2
25700 13160 29340 13720 0 2
25700 13160 29340 13720 1 2
25720 16520 29320 17080 1 2
25720 16520 29320 17080 2 2
25700 16520 29340 17080 0 2
25700 16520 29340 17080 1 2
25720 20720 27600 21280 1 2
25720 20720 27600 21280 2 2
25700 20720 27620 21280 0 2
25700 20720 27620 21280 1 2
25720 27440 27600 28000 1 2
25720 27440 27600 28000 2 2
25700 27440 27620 28000 0 2
25700 27440 27620 28000 1 2
25720 28280 27600 28840 1 2
25720 28280 27600 28840 2 2
25700 28280 27620 28840 0 2
25700 28280 27620 28840 1 2
25740 560 27580 1120 1 2
25740 560 27580 1120 2 2
25720 560 27600 1120 0 2
25720 560 27600 1120 1 2
25740 2240 27580 2800 1 2
25740 2240 27580 2800 2 2
25720 2240 27600 2800 0 2
25720 2240 27600 2800 1 2
25740 8960 27580 9520 1 2
25740 8960 27580 9520 2 2
25720 8960 27600 9520 0 2
25720 8960 27600 9520 1 2
25740 20720 27580 21280 1 2
25740 20720 27580 21280 2 2
25720 20720 27600 21280 0 2
25720 20720 27600 21280 1 2
26380 -130 26940 1810 2 2
26380 -130 26940 1810 3 2
26380 -80 26940 1760 1 2
26380 -80 26940 1760 2 2
26380 190 26940 3170 2 2
26380 190 26940 3170 3 2
26380 240 26940 3120 1 2
26380 240 26940 3120 2 2
26380 1550 26940 3490 2 2
26380 1550 26940 3490 3 2
26380 1600 26940 3440 1 2
26380 1600 26940 3440 2 2
26410 -450 26910 2130 0 2
26410 -450 26910 2130 1 2
26410 1060 26910 2300 0 2
26410 1060 26910 2300 1 2
26410 8620 26910 9860 0 2
26410 8620 26910 9860 1 2
26410 8790 26910 21450 0 2
26410 8790 26910 21450 1 2
26410 20380 26910 21620 0 2
26410 20380 26910 21620 1 2
26410 27100 26910 28340 0 2
26410 27100 26910 28340 1 2
26410 27270 26910 29010 0 2
26410 27270 26910 29010 1 2
26410 27940 26910 29180 0 2
26410 27940 26910 29180 1 2
26060 1400 28120 1960 1 2
26060 1400 28120 1960 2 2
26040 1400 28140 1960 0 2
26040 1400 28140 1960 1 2
26060 28280 28120 28840 1 2
26060 28280 28120 28840 2 2
26040 28280 28140 28840 0 2
26040 28280 28140 28840 1 2
26580 1400 30180 1960 1 2
26580 1400 30180 1960 2 2
26560 1400 30200 1960 0 2
26560 1400 30200 1960 1 2
26580 28280 30180 28840 1 2
26580 28280 30180 28840 2 2
26560 28280 30200 28840 0 2
26560 28280 30200 28840 1 2
27270 220 27770 8180 0 2
27270 220 27770 8180 1 2
27270 22060 27770 30020 0 2
27270 22060 27770 30020 1 2
28130 220 28630 8180 0 2
28130 220 28630 8180 1 2
28130 7780 28630 10700 0 2
28130 7780 28630 10700 1 2
28130 11980 28630 14900 0 2
28130 11980 28630 14900 1 2
28130 15340 28630 18260 0 2
28130 15340 28630 18260 1 2
28130 19540 28630 22460 0 2
28130 19540 28630 22460 1 2
28130 22060 28630 30020 0 2
28130 22060 28630 30020 1 2
28990 220 29490 8180 0 2
28990 220 29490 8180 1 2
28990 22060 29490 30020 0 2
28990 22060 29490 30020 1 2
