780 16520 4380 17080 1 2
780 16520 4380 17080 2 2
760 16520 4400 17080 0 2
760 16520 4400 17080 1 2
1470 15340 1970 23300 0 2
1470 15340 1970 23300 1 2
1640 15680 5240 16240 1 2
1640 15680 5240 16240 2 2
1620 15680 5260 16240 0 2
1620 15680 5260 16240 1 2
1640 24080 5240 24640 1 2
1640 24080 5240 24640 2 2
1620 24080 5260 24640 0 2
1620 24080 5260 24640 1 2
1660 14840 3500 15400 1 2
1660 14840 3500 15400 2 2
1640 14840 3520 15400 0 2
1640 14840 3520 15400 1 2
2300 14150 2860 16090 2 2
2300 14150 2860 16090 3 2
2300 14200 2860 16040 1 2
2300 14200 2860 16040 2 2
2300 14470 2860 16610 2 2
2300 14470 2860 16610 3 2
2300 14520 2860 16560 1 2
2300 14520 2860 16560 2 2
2300 14990 2860 18610 2 2
2300 14990 2860 18610 3 2
2300 15040 2860 18560 1 2
2300 15040 2860 18560 2 2
2330 15340 2830 23300 0 2
2330 15340 2830 23300 1 2
2330 22900 2830 25820 0 2
2330 22900 2830 25820 1 2
2330 27100 2830 30020 0 2
2330 27100 2830 30020 1 2
1980 14840 6620 15400 1 2
1980 14840 6620 15400 2 2
1960 14840 6640 15400 0 2
1960 14840 6640 15400 1 2
2500 12320 7820 12880 1 2
2500 12320 7820 12880 2 2
2480 12320 7840 12880 0 2
2480 12320 7840 12880 1 2
2520 13160 4360 13720 1 2
2520 13160 4360 13720 2 2
2500 13160 4380 13720 0 2
2500 13160 4380 13720 1 2
2520 24080 4360 24640 1 2
2520 24080 4360 24640 2 2
2500 24080 4380 24640 0 2
2500 24080 4380 24640 1 2
3160 12470 3720 14410 2 2
3160 12470 3720 14410 3 2
3160 12520 3720 14360 1 2
3160 12520 3720 14360 2 2
3160 12790 3720 25010 2 2
3160 12790 3720 25010 3 2
3160 12840 3720 24960 1 2
3160 12840 3720 24960 2 2
3160 23390 3720 25330 2 2
3160 23390 3720 25330 3 2
3160 23440 3720 25280 1 2
3160 23440 3720 25280 2 2
3190 6940 3690 14900 0 2
3190 6940 3690 14900 1 2
3190 15340 3690 23300 0 2
3190 15340 3690 23300 1 2
2840 13160 4900 13720 1 2
2840 13160 4900 13720 2 2
2820 13160 4920 13720 0 2
2820 13160 4920 13720 1 2
3360 1400 6960 1960 1 2
3360 1400 6960 1960 2 2
3340 1400 6980 1960 0 2
3340 1400 6980 1960 1 2
3360 5600 6960 6160 1 2
3360 5600 6960 6160 2 2
3340 5600 6980 6160 0 2
3340 5600 6980 6160 1 2
3360 13160 6960 13720 1 2
3360 13160 6960 13720 2 2
3340 13160 6980 13720 0 2
3340 13160 6980 13720 1 2
4050 220 4550 3140 0 2
4050 220 4550 3140 1 2
4050 4420 4550 7340 0 2
4050 4420 4550 7340 1 2
4050 6940 4550 14900 0 2
4050 6940 4550 14900 1 2
3700 24080 6620 24640 1 2
3700 24080 6620 24640 2 2
3680 24080 6640 24640 0 2
3680 24080 6640 24640 1 2
4910 6940 5410 14900 0 2
4910 6940 5410 14900 1 2
5080 14000 8680 14560 1 2
5080 14000 8680 14560 2 2
5060 14000 8700 14560 0 2
5060 14000 8700 14560 1 2
5080 14840 6960 15400 1 2
5080 14840 6960 15400 2 2
5060 14840 6980 15400 0 2
5060 14840 6980 15400 1 2
5080 15680 6960 16240 1 2
5080 15680 6960 16240 2 2
5060 15680 6980 16240 0 2
5060 15680 6980 16240 1 2
5080 24080 8680 24640 1 2
5080 24080 8680 24640 2 2
5060 24080 8700 24640 0 2
5060 24080 8700 24640 1 2
5080 14320 6960 15920 3 2
5080 14320 6960 15920 4 2
5080 14320 6960 15920 2 2
5080 14320 6960 15920 3 2
5100 15680 6940 16240 1 2
5100 15680 6940 16240 2 2
5080 15680 6960 16240 0 2
5080 15680 6960 16240 1 2
5740 4910 6300 15250 2 2
5740 4910 6300 15250 3 2
5740 4960 6300 15200 1 2
5740 4960 6300 15200 2 2
5740 13630 6300 15770 2 2
5740 13630 6300 15770 3 2
5740 13680 6300 15720 1 2
5740 13680 6300 15720 2 2
5740 14100 6300 16140 2 2
5740 14100 6300 16140 3 2
5740 14150 6300 16090 1 2
5740 14150 6300 16090 2 2
5770 220 6270 3140 0 2
5770 220 6270 3140 1 2
5770 4420 6270 7340 0 2
5770 4420 6270 7340 1 2
5770 6940 6270 14900 0 2
5770 6940 6270 14900 1 2
5770 14500 6270 15740 0 2
5770 14500 6270 15740 1 2
5770 14670 6270 16410 0 2
5770 14670 6270 16410 1 2
5770 15340 6270 16580 0 2
5770 15340 6270 16580 1 2
5420 13160 9200 13720 1 2
5420 13160 9200 13720 2 2
5400 13160 9220 13720 0 2
5400 13160 9220 13720 1 2
5410 14320 17810 15920 3 2
5410 14320 17810 15920 4 2
5410 14320 17810 15920 2 2
5410 14320 17810 15920 3 2
5940 16520 9540 17080 1 2
5940 16520 9540 17080 2 2
5920 16520 9560 17080 0 2
5920 16520 9560 17080 1 2
5940 28280 9540 28840 1 2
5940 28280 9540 28840 2 2
5920 28280 9560 28840 0 2
5920 28280 9560 28840 1 2
6630 6940 7130 14900 0 2
6630 6940 7130 14900 1 2
6630 15340 7130 23300 0 2
6630 15340 7130 23300 1 2
7490 15340 7990 23300 0 2
7490 15340 7990 23300 1 2
7490 22900 7990 25820 0 2
7490 22900 7990 25820 1 2
7490 27100 7990 30020 0 2
7490 27100 7990 30020 1 2
7140 15680 10060 16240 1 2
7140 15680 10060 16240 2 2
7120 15680 10080 16240 0 2
7120 15680 10080 16240 1 2
7660 13160 9540 13720 1 2
7660 13160 9540 13720 2 2
7640 13160 9560 13720 0 2
7640 13160 9560 13720 1 2
7660 14840 9540 15400 1 2
7660 14840 9540 15400 2 2
7640 14840 9560 15400 0 2
7640 14840 9560 15400 1 2
8350 12820 8850 14060 0 2
8350 12820 8850 14060 1 2
8350 12990 8850 15570 0 2
8350 12990 8850 15570 1 2
8350 14500 8850 15740 0 2
8350 14500 8850 15740 1 2
8350 15340 8850 23300 0 2
8350 15340 8850 23300 1 2
8000 14840 25540 15400 1 2
8000 14840 25540 15400 2 2
7980 14840 25560 15400 0 2
7980 14840 25560 15400 1 2
8520 14000 10400 14560 1 2
8520 14000 10400 14560 2 2
8500 14000 10420 14560 0 2
8500 14000 10420 14560 1 2
8520 15680 10400 16240 1 2
8520 15680 10400 16240 2 2
8500 15680 10420 16240 0 2
8500 15680 10420 16240 1 2
9210 13660 9710 14900 0 2
9210 13660 9710 14900 1 2
9210 13830 9710 16410 0 2
9210 13830 9710 16410 1 2
9210 15340 9710 16580 0 2
9210 15340 9710 16580 1 2
8860 14000 11780 14560 1 2
8860 14000 11780 14560 2 2
8840 14000 11800 14560 0 2
8840 14000 11800 14560 1 2
9380 13160 21580 13720 1 2
9380 13160 21580 13720 2 2
9360 13160 21600 13720 0 2
9360 13160 21600 13720 1 2
10070 6940 10570 14900 0 2
10070 6940 10570 14900 1 2
10240 1400 20720 1960 1 2
10240 1400 20720 1960 2 2
10220 1400 20740 1960 0 2
10220 1400 20740 1960 1 2
10240 5600 20720 6160 1 2
10240 5600 20720 6160 2 2
10220 5600 20740 6160 0 2
10220 5600 20740 6160 1 2
10240 14000 20720 14560 1 2
10240 14000 20720 14560 2 2
10220 14000 20740 14560 0 2
10220 14000 20740 14560 1 2
10930 220 11430 3140 0 2
10930 220 11430 3140 1 2
10930 4420 11430 7340 0 2
10930 4420 11430 7340 1 2
10930 6940 11430 14900 0 2
10930 6940 11430 14900 1 2
11100 16520 14700 17080 1 2
11100 16520 14700 17080 2 2
11080 16520 14720 17080 0 2
11080 16520 14720 17080 1 2
11100 28280 14700 28840 1 2
11100 28280 14700 28840 2 2
11080 28280 14720 28840 0 2
11080 28280 14720 28840 1 2
11790 6940 12290 14900 0 2
11790 6940 12290 14900 1 2
11790 15340 12290 23300 0 2
11790 15340 12290 23300 1 2
11960 15680 15560 16240 1 2
11960 15680 15560 16240 2 2
11940 15680 15580 16240 0 2
11940 15680 15580 16240 1 2
11960 24080 15560 24640 1 2
11960 24080 15560 24640 2 2
11940 24080 15580 24640 0 2
11940 24080 15580 24640 1 2
11980 5600 13820 6160 1 2
11980 5600 13820 6160 2 2
11960 5600 13840 6160 0 2
11960 5600 13840 6160 1 2
11980 23240 13820 23800 1 2
11980 23240 13820 23800 2 2
11960 23240 13840 23800 0 2
11960 23240 13840 23800 1 2
12620 4910 13180 6850 2 2
12620 4910 13180 6850 3 2
12620 4960 13180 6800 1 2
12620 4960 13180 6800 2 2
12620 5230 13180 16610 2 2
12620 5230 13180 16610 3 2
12620 5280 13180 16560 1 2
12620 5280 13180 16560 2 2
12620 14990 13180 25330 2 2
12620 14990 13180 25330 3 2
12620 15040 13180 25280 1 2
12620 15040 13180 25280 2 2
12620 22500 13180 24540 2 2
12620 22500 13180 24540 3 2
12620 22550 13180 24490 1 2
12620 22550 13180 24490 2 2
12620 22550 13180 24490 2 2
12620 22550 13180 24490 3 2
12620 22600 13180 24440 1 2
12620 22600 13180 24440 2 2
12650 220 13150 3140 0 2
12650 220 13150 3140 1 2
12650 4420 13150 7340 0 2
12650 4420 13150 7340 1 2
12650 6940 13150 14900 0 2
12650 6940 13150 14900 1 2
12650 15340 13150 23300 0 2
12650 15340 13150 23300 1 2
12650 22900 13150 25820 0 2
12650 22900 13150 25820 1 2
12650 27100 13150 30020 0 2
12650 27100 13150 30020 1 2
12300 23240 17800 23800 1 2
12300 23240 17800 23800 2 2
12280 23240 17820 23800 0 2
12280 23240 17820 23800 1 2
13510 6940 14010 14900 0 2
13510 6940 14010 14900 1 2
13510 15340 14010 23300 0 2
13510 15340 14010 23300 1 2
14370 220 14870 3140 0 2
14370 220 14870 3140 1 2
14370 4420 14870 7340 0 2
14370 4420 14870 7340 1 2
14370 6940 14870 14900 0 2
14370 6940 14870 14900 1 2
15230 6940 15730 14900 0 2
15230 6940 15730 14900 1 2
15420 2240 17260 2800 1 2
15420 2240 17260 2800 2 2
15400 2240 17280 2800 0 2
15400 2240 17280 2800 1 2
15420 28280 17260 28840 1 2
15420 28280 17260 28840 2 2
15400 28280 17280 28840 0 2
15400 28280 17280 28840 1 2
16060 710 16620 14410 2 2
16060 710 16620 14410 3 2
16060 760 16620 14360 1 2
16060 760 16620 14360 2 2
16060 1500 16620 3540 2 2
16060 1500 16620 3540 3 2
16060 1550 16620 3490 1 2
16060 1550 16620 3490 2 2
16060 1550 16620 3490 2 2
16060 1550 16620 3490 3 2
16060 1600 16620 3440 1 2
16060 1600 16620 3440 2 2
16060 12790 16620 29210 2 2
16060 12790 16620 29210 3 2
16060 12840 16620 29160 1 2
16060 12840 16620 29160 2 2
16060 27590 16620 29530 2 2
16060 27590 16620 29530 3 2
16060 27640 16620 29480 1 2
16060 27640 16620 29480 2 2
16090 220 16590 3140 0 2
16090 220 16590 3140 1 2
16090 4420 16590 7340 0 2
16090 4420 16590 7340 1 2
16090 6940 16590 14900 0 2
16090 6940 16590 14900 1 2
15740 2240 28980 2800 1 2
15740 2240 28980 2800 2 2
15720 2240 29000 2800 0 2
15720 2240 29000 2800 1 2
15740 28280 18660 28840 1 2
15740 28280 18660 28840 2 2
15720 28280 18680 28840 0 2
15720 28280 18680 28840 1 2
16260 16520 23300 17080 1 2
16260 16520 23300 17080 2 2
16240 16520 23320 17080 0 2
16240 16520 23320 17080 1 2
16260 23240 18140 23800 1 2
16260 23240 18140 23800 2 2
16240 23240 18160 23800 0 2
16240 23240 18160 23800 1 2
16260 24080 18140 24640 1 2
16260 24080 18140 24640 2 2
16240 24080 18160 24640 0 2
16240 24080 18160 24640 1 2
16260 14320 18140 15920 3 2
16260 14320 18140 15920 4 2
16260 14320 18140 15920 2 2
16260 14320 18140 15920 3 2
16280 15680 18120 16240 1 2
16280 15680 18120 16240 2 2
16260 15680 18140 16240 0 2
16260 15680 18140 16240 1 2
16920 14100 17480 16140 2 2
16920 14100 17480 16140 3 2
16920 14150 17480 16090 1 2
16920 14150 17480 16090 2 2
16920 14470 17480 16610 2 2
16920 14470 17480 16610 3 2
16920 14520 17480 16560 1 2
16920 14520 17480 16560 2 2
16920 14990 17480 16930 2 2
16920 14990 17480 16930 3 2
16920 15040 17480 16880 1 2
16920 15040 17480 16880 2 2
16950 6940 17450 14900 0 2
16950 6940 17450 14900 1 2
16950 15340 17450 23300 0 2
16950 15340 17450 23300 1 2
16950 22900 17450 24140 0 2
16950 22900 17450 24140 1 2
16950 23070 17450 24810 0 2
16950 23070 17450 24810 1 2
16950 23740 17450 24980 0 2
16950 23740 17450 24980 1 2
16600 15680 18660 16240 1 2
16600 15680 18660 16240 2 2
16580 15680 18680 16240 0 2
16580 15680 18680 16240 1 2
16600 24080 18660 24640 1 2
16600 24080 18660 24640 2 2
16580 24080 18680 24640 0 2
16580 24080 18680 24640 1 2
17120 15680 22440 16240 1 2
17120 15680 22440 16240 2 2
17100 15680 22460 16240 0 2
17100 15680 22460 16240 1 2
17120 24080 22440 24640 1 2
17120 24080 22440 24640 2 2
17100 24080 22460 24640 0 2
17100 24080 22460 24640 1 2
17120 28280 22440 28840 1 2
17120 28280 22440 28840 2 2
17100 28280 22460 28840 0 2
17100 28280 22460 28840 1 2
17810 220 18310 3140 0 2
17810 220 18310 3140 1 2
17810 4420 18310 7340 0 2
17810 4420 18310 7340 1 2
17810 6940 18310 14900 0 2
17810 6940 18310 14900 1 2
17810 15340 18310 23300 0 2
17810 15340 18310 23300 1 2
17810 22900 18310 25820 0 2
17810 22900 18310 25820 1 2
17810 27100 18310 30020 0 2
17810 27100 18310 30020 1 2
18670 6940 19170 14900 0 2
18670 6940 19170 14900 1 2
18670 15340 19170 23300 0 2
18670 15340 19170 23300 1 2
19530 220 20030 3140 0 2
19530 220 20030 3140 1 2
19530 4420 20030 7340 0 2
19530 4420 20030 7340 1 2
19530 6940 20030 14900 0 2
19530 6940 20030 14900 1 2
19530 15340 20030 23300 0 2
19530 15340 20030 23300 1 2
19530 22900 20030 25820 0 2
19530 22900 20030 25820 1 2
19530 27100 20030 30020 0 2
19530 27100 20030 30020 1 2
19180 5600 23820 6160 1 2
19180 5600 23820 6160 2 2
19160 5600 23840 6160 0 2
19160 5600 23840 6160 1 2
20390 6940 20890 14900 0 2
20390 6940 20890 14900 1 2
20390 15340 20890 23300 0 2
20390 15340 20890 23300 1 2
21250 15340 21750 23300 0 2
21250 15340 21750 23300 1 2
21250 22900 21750 25820 0 2
21250 22900 21750 25820 1 2
21250 27100 21750 30020 0 2
21250 27100 21750 30020 1 2
20900 28280 27260 28840 1 2
20900 28280 27260 28840 2 2
20880 28280 27280 28840 0 2
20880 28280 27280 28840 1 2
22110 15340 22610 23300 0 2
22110 15340 22610 23300 1 2
21760 16520 26400 17080 1 2
21760 16520 26400 17080 2 2
21740 16520 26420 17080 0 2
21740 16520 26420 17080 1 2
22300 5600 24140 6160 1 2
22300 5600 24140 6160 2 2
22280 5600 24160 6160 0 2
22280 5600 24160 6160 1 2
22300 6440 24140 7000 1 2
22300 6440 24140 7000 2 2
22280 6440 24160 7000 0 2
22280 6440 24160 7000 1 2
22940 4910 23500 6850 2 2
22940 4910 23500 6850 3 2
22940 4960 23500 6800 1 2
22940 4960 23500 6800 2 2
22940 5230 23500 7370 2 2
22940 5230 23500 7370 3 2
22940 5280 23500 7320 1 2
22940 5280 23500 7320 2 2
22940 5750 23500 7690 2 2
22940 5750 23500 7690 3 2
22940 5800 23500 7640 1 2
22940 5800 23500 7640 2 2
22620 6440 27260 7000 1 2
22620 6440 27260 7000 2 2
22600 6440 27280 7000 0 2
22600 6440 27280 7000 1 2
23140 12320 31900 12880 1 2
23140 12320 31900 12880 2 2
23120 12320 31920 12880 0 2
23120 12320 31920 12880 1 2
23830 6940 24330 14900 0 2
23830 6940 24330 14900 1 2
24000 1400 31040 1960 1 2
24000 1400 31040 1960 2 2
23980 1400 31060 1960 0 2
23980 1400 31060 1960 1 2
24000 5600 31040 6160 1 2
24000 5600 31040 6160 2 2
23980 5600 31060 6160 0 2
23980 5600 31060 6160 1 2
24000 13160 31040 13720 1 2
24000 13160 31040 13720 2 2
23980 13160 31060 13720 0 2
23980 13160 31060 13720 1 2
24000 14840 25880 15400 1 2
24000 14840 25880 15400 2 2
23980 14840 25900 15400 0 2
23980 14840 25900 15400 1 2
24000 15680 25880 16240 1 2
24000 15680 25880 16240 2 2
23980 15680 25900 16240 0 2
23980 15680 25900 16240 1 2
24020 13160 25860 13720 1 2
24020 13160 25860 13720 2 2
24000 13160 25880 13720 0 2
24000 13160 25880 13720 1 2
24020 16520 25860 17080 1 2
24020 16520 25860 17080 2 2
24000 16520 25880 17080 0 2
24000 16520 25880 17080 1 2
24660 12470 25220 14410 2 2
24660 12470 25220 14410 3 2
24660 12520 25220 14360 1 2
24660 12520 25220 14360 2 2
24660 12790 25220 17450 2 2
24660 12790 25220 17450 3 2
24660 12840 25220 17400 1 2
24660 12840 25220 17400 2 2
24660 15830 25220 17770 2 2
24660 15830 25220 17770 3 2
24660 15880 25220 17720 1 2
24660 15880 25220 17720 2 2
24690 220 25190 3140 0 2
24690 220 25190 3140 1 2
24690 4420 25190 7340 0 2
24690 4420 25190 7340 1 2
24690 6940 25190 14900 0 2
24690 6940 25190 14900 1 2
24690 14500 25190 15740 0 2
24690 14500 25190 15740 1 2
24690 14670 25190 16410 0 2
24690 14670 25190 16410 1 2
24690 15340 25190 16580 0 2
24690 15340 25190 16580 1 2
24340 15680 27260 16240 1 2
24340 15680 27260 16240 2 2
24320 15680 27280 16240 0 2
24320 15680 27280 16240 1 2
24860 16520 31900 17080 1 2
24860 16520 31900 17080 2 2
24840 16520 31920 17080 0 2
24840 16520 31920 17080 1 2
25550 6940 26050 14900 0 2
25550 6940 26050 14900 1 2
25550 15340 26050 23300 0 2
25550 15340 26050 23300 1 2
25720 14000 29320 14560 1 2
25720 14000 29320 14560 2 2
25700 14000 29340 14560 0 2
25700 14000 29340 14560 1 2
25720 15680 31040 16240 1 2
25720 15680 31040 16240 2 2
25700 15680 31060 16240 0 2
25700 15680 31060 16240 1 2
25720 24080 31040 24640 1 2
25720 24080 31040 24640 2 2
25700 24080 31060 24640 0 2
25700 24080 31060 24640 1 2
25720 28280 31040 28840 1 2
25720 28280 31040 28840 2 2
25700 28280 31060 28840 0 2
25700 28280 31060 28840 1 2
25740 6440 27580 7000 1 2
25740 6440 27580 7000 2 2
25720 6440 27600 7000 0 2
25720 6440 27600 7000 1 2
26380 4910 26940 15250 2 2
26380 4910 26940 15250 3 2
26380 4960 26940 15200 1 2
26380 4960 26940 15200 2 2
26380 5700 26940 7740 2 2
26380 5700 26940 7740 3 2
26380 5750 26940 7690 1 2
26380 5750 26940 7690 2 2
26380 5750 26940 7690 2 2
26380 5750 26940 7690 3 2
26380 5800 26940 7640 1 2
26380 5800 26940 7640 2 2
26410 220 26910 3140 0 2
26410 220 26910 3140 1 2
26410 4420 26910 7340 0 2
26410 4420 26910 7340 1 2
26410 6940 26910 14900 0 2
26410 6940 26910 14900 1 2
26410 15340 26910 23300 0 2
26410 15340 26910 23300 1 2
26410 22900 26910 25820 0 2
26410 22900 26910 25820 1 2
26410 27100 26910 30020 0 2
26410 27100 26910 30020 1 2
27270 6940 27770 14900 0 2
27270 6940 27770 14900 1 2
27270 15340 27770 23300 0 2
27270 15340 27770 23300 1 2
27460 2240 29300 2800 1 2
27460 2240 29300 2800 2 2
27440 2240 29320 2800 0 2
27440 2240 29320 2800 1 2
28100 710 28660 13570 2 2
28100 710 28660 13570 3 2
28100 760 28660 13520 1 2
28100 760 28660 13520 2 2
28100 1500 28660 3540 2 2
28100 1500 28660 3540 3 2
28100 1550 28660 3490 1 2
28100 1550 28660 3490 2 2
28100 1550 28660 3490 2 2
28100 1550 28660 3490 3 2
28100 1600 28660 3440 1 2
28100 1600 28660 3440 2 2
28130 220 28630 3140 0 2
28130 220 28630 3140 1 2
28130 4420 28630 7340 0 2
28130 4420 28630 7340 1 2
28130 6940 28630 14900 0 2
28130 6940 28630 14900 1 2
28130 15340 28630 23300 0 2
28130 15340 28630 23300 1 2
28130 22900 28630 25820 0 2
28130 22900 28630 25820 1 2
28130 27100 28630 30020 0 2
28130 27100 28630 30020 1 2
28990 6940 29490 14900 0 2
28990 6940 29490 14900 1 2
28990 15340 29490 23300 0 2
28990 15340 29490 23300 1 2
29850 220 30350 3140 0 2
29850 220 30350 3140 1 2
29850 4420 30350 7340 0 2
29850 4420 30350 7340 1 2
29850 6940 30350 14900 0 2
29850 6940 30350 14900 1 2
29850 15340 30350 23300 0 2
29850 15340 30350 23300 1 2
29850 22900 30350 25820 0 2
29850 22900 30350 25820 1 2
29850 27100 30350 30020 0 2
29850 27100 30350 30020 1 2
30710 6940 31210 14900 0 2
30710 6940 31210 14900 1 2
30710 15340 31210 23300 0 2
30710 15340 31210 23300 1 2
