1000 16080 2440 17520 0 2
1860 15240 3300 16680 0 2
1860 23640 3300 25080 0 2
1860 27840 3300 29280 0 2
2720 11880 4160 13320 0 2
2720 16080 4160 17520 0 2
3580 960 5020 2400 0 2
3580 5160 5020 6600 0 2
3580 12720 5020 14160 0 2
4440 11880 5880 13320 0 2
5300 960 6740 2400 0 2
5300 5160 6740 6600 0 2
5300 13560 6740 15000 0 2
5300 14400 6740 15840 0 2
5300 15240 6740 16680 0 2
6160 11880 7600 13320 0 2
6160 16080 7600 17520 0 2
7020 15240 8460 16680 0 2
7020 23640 8460 25080 0 2
7020 27840 8460 29280 0 2
7880 12720 9320 14160 0 2
7880 14400 9320 15840 0 2
7880 16080 9320 17520 0 2
8740 13560 10180 15000 0 2
8740 15240 10180 16680 0 2
9600 12720 11040 14160 0 2
10460 960 11900 2400 0 2
10460 5160 11900 6600 0 2
10460 13560 11900 15000 0 2
11320 12720 12760 14160 0 2
11320 16080 12760 17520 0 2
12180 960 13620 2400 0 2
12180 5160 13620 6600 0 2
12180 13560 13620 15000 0 2
12180 15240 13620 16680 0 2
12180 23640 13620 25080 0 2
12180 27840 13620 29280 0 2
13040 12720 14480 14160 0 2
13040 16080 14480 17520 0 2
13900 960 15340 2400 0 2
13900 5160 15340 6600 0 2
13900 13560 15340 15000 0 2
14760 12720 16200 14160 0 2
15620 960 17060 2400 0 2
15620 5160 17060 6600 0 2
15620 13560 17060 15000 0 2
16480 12720 17920 14160 0 2
16480 16080 17920 17520 0 2
16480 22800 17920 24240 0 2
16480 23640 17920 25080 0 2
17340 960 18780 2400 0 2
17340 5160 18780 6600 0 2
17340 13560 18780 15000 0 2
17340 15240 18780 16680 0 2
17340 23640 18780 25080 0 2
17340 27840 18780 29280 0 2
18200 12720 19640 14160 0 2
18200 16080 19640 17520 0 2
19060 960 20500 2400 0 2
19060 5160 20500 6600 0 2
19060 13560 20500 15000 0 2
19060 15240 20500 16680 0 2
19060 23640 20500 25080 0 2
19060 27840 20500 29280 0 2
19920 12720 21360 14160 0 2
19920 16080 21360 17520 0 2
20780 15240 22220 16680 0 2
20780 23640 22220 25080 0 2
20780 27840 22220 29280 0 2
21640 16080 23080 17520 0 2
23360 11880 24800 13320 0 2
24220 960 25660 2400 0 2
24220 5160 25660 6600 0 2
24220 12720 25660 14160 0 2
24220 14400 25660 15840 0 2
24220 15240 25660 16680 0 2
25080 11880 26520 13320 0 2
25080 16080 26520 17520 0 2
25940 960 27380 2400 0 2
25940 5160 27380 6600 0 2
25940 13560 27380 15000 0 2
25940 15240 27380 16680 0 2
25940 23640 27380 25080 0 2
25940 27840 27380 29280 0 2
26800 11880 28240 13320 0 2
26800 16080 28240 17520 0 2
27660 960 29100 2400 0 2
27660 5160 29100 6600 0 2
27660 13560 29100 15000 0 2
27660 15240 29100 16680 0 2
27660 23640 29100 25080 0 2
27660 27840 29100 29280 0 2
28520 11880 29960 13320 0 2
28520 16080 29960 17520 0 2
29380 960 30820 2400 0 2
29380 5160 30820 6600 0 2
29380 12720 30820 14160 0 2
29380 15240 30820 16680 0 2
29380 23640 30820 25080 0 2
29380 27840 30820 29280 0 2
30240 11880 31680 13320 0 2
30240 16080 31680 17520 0 2
1940 14480 3220 15760 1 2
1940 15320 3220 16600 1 2
1940 16160 3220 17440 1 2
2800 12800 4080 14080 1 2
2800 23720 4080 25000 1 2
3660 1040 4940 2320 1 2
3660 11960 4940 13240 1 2
5380 5240 6660 6520 1 2
5380 13640 6660 14920 1 2
7960 16160 9240 17440 1 2
7960 17000 9240 18280 1 2
7960 27920 9240 29200 1 2
11400 16160 12680 17440 1 2
11400 17000 12680 18280 1 2
11400 27920 12680 29200 1 2
12260 5240 13540 6520 1 2
12260 15320 13540 16600 1 2
12260 22880 13540 24160 1 2
12260 23720 13540 25000 1 2
15700 1040 16980 2320 1 2
15700 1880 16980 3160 1 2
15700 12800 16980 14080 1 2
15700 27920 16980 29200 1 2
16560 15320 17840 16600 1 2
22580 5240 23860 6520 1 2
22580 6080 23860 7360 1 2
24300 12800 25580 14080 1 2
24300 16160 25580 17440 1 2
26020 5240 27300 6520 1 2
26020 6080 27300 7360 1 2
26020 13640 27300 14920 1 2
27740 1040 29020 2320 1 2
27740 1880 29020 3160 1 2
27740 11960 29020 13240 1 2
3500 11800 5100 13400 2 2
5220 14320 6820 15920 2 2
7800 11800 9400 13400 2 2
16400 14320 18000 15920 2 2
