9600 12720 11040 14160 0 2
10460 960 11900 2400 0 2
10460 5160 11900 6600 0 2
10460 13560 11900 15000 0 2
11320 12720 12760 14160 0 2
12180 960 13620 2400 0 2
12180 5160 13620 6600 0 2
12180 13560 13620 15000 0 2
13040 12720 14480 14160 0 2
13900 960 15340 2400 0 2
13900 5160 15340 6600 0 2
13900 13560 15340 15000 0 2
14760 12720 16200 14160 0 2
15620 960 17060 2400 0 2
15620 5160 17060 6600 0 2
15620 13560 17060 15000 0 2
16480 12720 17920 14160 0 2
17340 960 18780 2400 0 2
17340 5160 18780 6600 0 2
17340 13560 18780 15000 0 2
18200 12720 19640 14160 0 2
19060 960 20500 2400 0 2
19060 5160 20500 6600 0 2
19060 13560 20500 15000 0 2
19920 12720 21360 14160 0 2
23360 11880 24800 13320 0 2
24220 960 25660 2400 0 2
24220 5160 25660 6600 0 2
24220 12720 25660 14160 0 2
25080 11880 26520 13320 0 2
25940 960 27380 2400 0 2
25940 5160 27380 6600 0 2
25940 13560 27380 15000 0 2
26800 11880 28240 13320 0 2
27660 960 29100 2400 0 2
27660 5160 29100 6600 0 2
27660 13560 29100 15000 0 2
28520 11880 29960 13320 0 2
29380 960 30820 2400 0 2
29380 5160 30820 6600 0 2
29380 12720 30820 14160 0 2
30240 11880 31680 13320 0 2
15700 1040 16980 2320 1 2
15700 12800 16980 14080 1 2
22580 5240 23860 6520 1 2
22580 6080 23860 7360 1 2
26020 5240 27300 6520 1 2
26020 6080 27300 7360 1 2
26020 13640 27300 14920 1 2
27740 1040 29020 2320 1 2
27740 11960 29020 13240 1 2
