9380 13160 21580 13720 1 2
9380 13160 21580 13720 2 2
9360 13160 21600 13720 0 2
9360 13160 21600 13720 1 2
10070 6940 10570 14900 0 2
10070 6940 10570 14900 1 2
10240 1400 20720 1960 1 2
10240 1400 20720 1960 2 2
10220 1400 20740 1960 0 2
10220 1400 20740 1960 1 2
10240 5600 20720 6160 1 2
10240 5600 20720 6160 2 2
10220 5600 20740 6160 0 2
10220 5600 20740 6160 1 2
10240 14000 20720 14560 1 2
10240 14000 20720 14560 2 2
10220 14000 20740 14560 0 2
10220 14000 20740 14560 1 2
10930 220 11430 3140 0 2
10930 220 11430 3140 1 2
10930 4420 11430 7340 0 2
10930 4420 11430 7340 1 2
10930 6940 11430 14900 0 2
10930 6940 11430 14900 1 2
11790 6940 12290 14900 0 2
11790 6940 12290 14900 1 2
12650 220 13150 3140 0 2
12650 220 13150 3140 1 2
12650 4420 13150 7340 0 2
12650 4420 13150 7340 1 2
12650 6940 13150 14900 0 2
12650 6940 13150 14900 1 2
13510 6940 14010 14900 0 2
13510 6940 14010 14900 1 2
14370 220 14870 3140 0 2
14370 220 14870 3140 1 2
14370 4420 14870 7340 0 2
14370 4420 14870 7340 1 2
14370 6940 14870 14900 0 2
14370 6940 14870 14900 1 2
15230 6940 15730 14900 0 2
15230 6940 15730 14900 1 2
16090 220 16590 3140 0 2
16090 220 16590 3140 1 2
16090 4420 16590 7340 0 2
16090 4420 16590 7340 1 2
16090 6940 16590 14900 0 2
16090 6940 16590 14900 1 2
16950 6940 17450 14900 0 2
16950 6940 17450 14900 1 2
17810 220 18310 3140 0 2
17810 220 18310 3140 1 2
17810 4420 18310 7340 0 2
17810 4420 18310 7340 1 2
17810 6940 18310 14900 0 2
17810 6940 18310 14900 1 2
18670 6940 19170 14900 0 2
18670 6940 19170 14900 1 2
19530 220 20030 3140 0 2
19530 220 20030 3140 1 2
19530 4420 20030 7340 0 2
19530 4420 20030 7340 1 2
19530 6940 20030 14900 0 2
19530 6940 20030 14900 1 2
19180 5600 23820 6160 1 2
19180 5600 23820 6160 2 2
19160 5600 23840 6160 0 2
19160 5600 23840 6160 1 2
20390 6940 20890 14900 0 2
20390 6940 20890 14900 1 2
22300 5600 24140 6160 1 2
22300 5600 24140 6160 2 2
22280 5600 24160 6160 0 2
22280 5600 24160 6160 1 2
22300 6440 24140 7000 1 2
22300 6440 24140 7000 2 2
22280 6440 24160 7000 0 2
22280 6440 24160 7000 1 2
22940 4910 23500 6850 2 2
22940 4910 23500 6850 3 2
22940 4960 23500 6800 1 2
22940 4960 23500 6800 2 2
22940 5230 23500 7370 2 2
22940 5230 23500 7370 3 2
22940 5280 23500 7320 1 2
22940 5280 23500 7320 2 2
22940 5750 23500 7690 2 2
22940 5750 23500 7690 3 2
22940 5800 23500 7640 1 2
22940 5800 23500 7640 2 2
22620 6440 27260 7000 1 2
22620 6440 27260 7000 2 2
22600 6440 27280 7000 0 2
22600 6440 27280 7000 1 2
23140 12320 31900 12880 1 2
23140 12320 31900 12880 2 2
23120 12320 31920 12880 0 2
23120 12320 31920 12880 1 2
23830 6940 24330 14900 0 2
23830 6940 24330 14900 1 2
24000 1400 31040 1960 1 2
24000 1400 31040 1960 2 2
23980 1400 31060 1960 0 2
23980 1400 31060 1960 1 2
24000 5600 31040 6160 1 2
24000 5600 31040 6160 2 2
23980 5600 31060 6160 0 2
23980 5600 31060 6160 1 2
24000 13160 31040 13720 1 2
24000 13160 31040 13720 2 2
23980 13160 31060 13720 0 2
23980 13160 31060 13720 1 2
24690 220 25190 3140 0 2
24690 220 25190 3140 1 2
24690 4420 25190 7340 0 2
24690 4420 25190 7340 1 2
24690 6940 25190 14900 0 2
24690 6940 25190 14900 1 2
25550 6940 26050 14900 0 2
25550 6940 26050 14900 1 2
25720 14000 29320 14560 1 2
25720 14000 29320 14560 2 2
25700 14000 29340 14560 0 2
25700 14000 29340 14560 1 2
25740 6440 27580 7000 1 2
25740 6440 27580 7000 2 2
25720 6440 27600 7000 0 2
25720 6440 27600 7000 1 2
26380 4910 26940 15250 2 2
26380 4910 26940 15250 3 2
26380 4960 26940 15200 1 2
26380 4960 26940 15200 2 2
26380 5700 26940 7740 2 2
26380 5700 26940 7740 3 2
26380 5750 26940 7690 1 2
26380 5750 26940 7690 2 2
26380 5750 26940 7690 2 2
26380 5750 26940 7690 3 2
26380 5800 26940 7640 1 2
26380 5800 26940 7640 2 2
26410 220 26910 3140 0 2
26410 220 26910 3140 1 2
26410 4420 26910 7340 0 2
26410 4420 26910 7340 1 2
26410 6940 26910 14900 0 2
26410 6940 26910 14900 1 2
27270 6940 27770 14900 0 2
27270 6940 27770 14900 1 2
28130 220 28630 3140 0 2
28130 220 28630 3140 1 2
28130 4420 28630 7340 0 2
28130 4420 28630 7340 1 2
28130 6940 28630 14900 0 2
28130 6940 28630 14900 1 2
28990 6940 29490 14900 0 2
28990 6940 29490 14900 1 2
29850 220 30350 3140 0 2
29850 220 30350 3140 1 2
29850 4420 30350 7340 0 2
29850 4420 30350 7340 1 2
29850 6940 30350 14900 0 2
29850 6940 30350 14900 1 2
30710 6940 31210 14900 0 2
30710 6940 31210 14900 1 2
