71520 12720 72960 14160 0 2
71520 24480 72960 25920 0 2
72380 960 73820 2400 0 2
72380 5160 73820 6600 0 2
72380 13560 73820 15000 0 2
72380 16920 73820 18360 0 2
72380 25320 73820 26760 0 2
73240 12720 74680 14160 0 2
73240 24480 74680 25920 0 2
74100 960 75540 2400 0 2
74100 5160 75540 6600 0 2
74100 13560 75540 15000 0 2
74100 16920 75540 18360 0 2
74100 25320 75540 26760 0 2
74960 12720 76400 14160 0 2
74960 24480 76400 25920 0 2
75820 960 77260 2400 0 2
75820 5160 77260 6600 0 2
75820 13560 77260 15000 0 2
75820 16920 77260 18360 0 2
75820 25320 77260 26760 0 2
76680 12720 78120 14160 0 2
76680 24480 78120 25920 0 2
77540 960 78980 2400 0 2
77540 5160 78980 6600 0 2
77540 13560 78980 15000 0 2
77540 16920 78980 18360 0 2
77540 25320 78980 26760 0 2
78400 12720 79840 14160 0 2
78400 24480 79840 25920 0 2
79260 960 80700 2400 0 2
79260 5160 80700 6600 0 2
79260 13560 80700 15000 0 2
79260 16920 80700 18360 0 2
79260 25320 80700 26760 0 2
80120 12720 81560 14160 0 2
80120 24480 81560 25920 0 2
80980 960 82420 2400 0 2
80980 5160 82420 6600 0 2
80980 13560 82420 15000 0 2
80980 16920 82420 18360 0 2
80980 25320 82420 26760 0 2
81840 12720 83280 14160 0 2
81840 24480 83280 25920 0 2
82700 960 84140 2400 0 2
82700 5160 84140 6600 0 2
82700 13560 84140 15000 0 2
82700 16920 84140 18360 0 2
82700 25320 84140 26760 0 2
83560 12720 85000 14160 0 2
83560 24480 85000 25920 0 2
84420 960 85860 2400 0 2
84420 5160 85860 6600 0 2
84420 13560 85860 15000 0 2
84420 16920 85860 18360 0 2
84420 25320 85860 26760 0 2
85280 12720 86720 14160 0 2
85280 24480 86720 25920 0 2
86140 960 87580 2400 0 2
86140 5160 87580 6600 0 2
86140 13560 87580 15000 0 2
86140 16920 87580 18360 0 2
86140 25320 87580 26760 0 2
87000 12720 88440 14160 0 2
87000 24480 88440 25920 0 2
87860 960 89300 2400 0 2
87860 5160 89300 6600 0 2
87860 13560 89300 15000 0 2
87860 16920 89300 18360 0 2
87860 25320 89300 26760 0 2
88720 12720 90160 14160 0 2
88720 24480 90160 25920 0 2
89580 960 91020 2400 0 2
89580 5160 91020 6600 0 2
89580 13560 91020 15000 0 2
89580 16920 91020 18360 0 2
89580 25320 91020 26760 0 2
90440 12720 91880 14160 0 2
90440 24480 91880 25920 0 2
91300 960 92740 2400 0 2
91300 5160 92740 6600 0 2
91300 13560 92740 15000 0 2
91300 16920 92740 18360 0 2
91300 25320 92740 26760 0 2
91300 27840 92740 29280 0 2
92160 12720 93600 14160 0 2
92160 24480 93600 25920 0 2
92160 27000 93600 28440 0 2
92160 35400 93600 36840 0 2
92160 39600 93600 41040 0 2
93020 960 94460 2400 0 2
93020 5160 94460 6600 0 2
93020 13560 94460 15000 0 2
93020 16920 94460 18360 0 2
93020 25320 94460 26760 0 2
93020 27840 94460 29280 0 2
93880 12720 95320 14160 0 2
93880 24480 95320 25920 0 2
94740 960 96180 2400 0 2
94740 5160 96180 6600 0 2
94740 13560 96180 15000 0 2
94740 16920 96180 18360 0 2
94740 25320 96180 26760 0 2
95600 12720 97040 14160 0 2
95600 24480 97040 25920 0 2
96460 960 97900 2400 0 2
96460 5160 97900 6600 0 2
96460 13560 97900 15000 0 2
96460 16920 97900 18360 0 2
96460 25320 97900 26760 0 2
97320 12720 98760 14160 0 2
97320 24480 98760 25920 0 2
98180 960 99620 2400 0 2
98180 5160 99620 6600 0 2
98180 13560 99620 15000 0 2
98180 16920 99620 18360 0 2
98180 25320 99620 26760 0 2
99040 12720 100480 14160 0 2
99040 24480 100480 25920 0 2
99900 960 101340 2400 0 2
99900 5160 101340 6600 0 2
99900 13560 101340 15000 0 2
99900 16920 101340 18360 0 2
99900 25320 101340 26760 0 2
100760 12720 102200 14160 0 2
100760 24480 102200 25920 0 2
101620 960 103060 2400 0 2
101620 5160 103060 6600 0 2
101620 13560 103060 15000 0 2
101620 16920 103060 18360 0 2
101620 25320 103060 26760 0 2
102480 12720 103920 14160 0 2
102480 24480 103920 25920 0 2
103340 960 104780 2400 0 2
103340 5160 104780 6600 0 2
103340 13560 104780 15000 0 2
103340 16920 104780 18360 0 2
103340 25320 104780 26760 0 2
104200 12720 105640 14160 0 2
104200 24480 105640 25920 0 2
105060 960 106500 2400 0 2
105060 5160 106500 6600 0 2
105060 13560 106500 15000 0 2
105060 16920 106500 18360 0 2
105060 25320 106500 26760 0 2
105920 12720 107360 14160 0 2
105920 24480 107360 25920 0 2
106780 960 108220 2400 0 2
106780 5160 108220 6600 0 2
106780 13560 108220 15000 0 2
106780 16920 108220 18360 0 2
106780 25320 108220 26760 0 2
107640 12720 109080 14160 0 2
107640 24480 109080 25920 0 2
108500 960 109940 2400 0 2
108500 5160 109940 6600 0 2
108500 13560 109940 15000 0 2
108500 16920 109940 18360 0 2
108500 25320 109940 26760 0 2
109360 12720 110800 14160 0 2
109360 24480 110800 25920 0 2
110220 960 111660 2400 0 2
110220 5160 111660 6600 0 2
110220 13560 111660 15000 0 2
110220 16920 111660 18360 0 2
110220 25320 111660 26760 0 2
111080 12720 112520 14160 0 2
111080 24480 112520 25920 0 2
111940 960 113380 2400 0 2
111940 5160 113380 6600 0 2
111940 13560 113380 15000 0 2
111940 16920 113380 18360 0 2
111940 25320 113380 26760 0 2
112800 12720 114240 14160 0 2
112800 24480 114240 25920 0 2
91380 1040 92660 2320 1 2
91380 12800 92660 14080 1 2
91380 24560 92660 25840 1 2
91380 27920 92660 29200 1 2
91380 39680 92660 40960 1 2
92240 5240 93520 6520 1 2
92240 17000 93520 18280 1 2
93100 13640 94380 14920 1 2
93100 25400 94380 26680 1 2
93100 27080 94380 28360 1 2
