71300 13160 114460 13720 1 2
71300 13160 114460 13720 2 2
71280 13160 114480 13720 0 2
71280 13160 114480 13720 1 2
71300 24920 114460 25480 1 2
71300 24920 114460 25480 2 2
71280 24920 114480 25480 0 2
71280 24920 114480 25480 1 2
71990 6940 72490 14900 0 2
71990 6940 72490 14900 1 2
71990 18700 72490 26660 0 2
71990 18700 72490 26660 1 2
72160 1400 113600 1960 1 2
72160 1400 113600 1960 2 2
72140 1400 113620 1960 0 2
72140 1400 113620 1960 1 2
72160 5600 113600 6160 1 2
72160 5600 113600 6160 2 2
72140 5600 113620 6160 0 2
72140 5600 113620 6160 1 2
72160 14000 113600 14560 1 2
72160 14000 113600 14560 2 2
72140 14000 113620 14560 0 2
72140 14000 113620 14560 1 2
72160 17360 113600 17920 1 2
72160 17360 113600 17920 2 2
72140 17360 113620 17920 0 2
72140 17360 113620 17920 1 2
72160 25760 113600 26320 1 2
72160 25760 113600 26320 2 2
72140 25760 113620 26320 0 2
72140 25760 113620 26320 1 2
72850 220 73350 3140 0 2
72850 220 73350 3140 1 2
72850 4420 73350 7340 0 2
72850 4420 73350 7340 1 2
72850 6940 73350 14900 0 2
72850 6940 73350 14900 1 2
72850 16180 73350 19100 0 2
72850 16180 73350 19100 1 2
72850 18700 73350 26660 0 2
72850 18700 73350 26660 1 2
73710 6940 74210 14900 0 2
73710 6940 74210 14900 1 2
73710 18700 74210 26660 0 2
73710 18700 74210 26660 1 2
74570 220 75070 3140 0 2
74570 220 75070 3140 1 2
74570 4420 75070 7340 0 2
74570 4420 75070 7340 1 2
74570 6940 75070 14900 0 2
74570 6940 75070 14900 1 2
74570 16180 75070 19100 0 2
74570 16180 75070 19100 1 2
74570 18700 75070 26660 0 2
74570 18700 75070 26660 1 2
75430 6940 75930 14900 0 2
75430 6940 75930 14900 1 2
75430 18700 75930 26660 0 2
75430 18700 75930 26660 1 2
76290 220 76790 3140 0 2
76290 220 76790 3140 1 2
76290 4420 76790 7340 0 2
76290 4420 76790 7340 1 2
76290 6940 76790 14900 0 2
76290 6940 76790 14900 1 2
76290 16180 76790 19100 0 2
76290 16180 76790 19100 1 2
76290 18700 76790 26660 0 2
76290 18700 76790 26660 1 2
77150 6940 77650 14900 0 2
77150 6940 77650 14900 1 2
77150 18700 77650 26660 0 2
77150 18700 77650 26660 1 2
78010 220 78510 3140 0 2
78010 220 78510 3140 1 2
78010 4420 78510 7340 0 2
78010 4420 78510 7340 1 2
78010 6940 78510 14900 0 2
78010 6940 78510 14900 1 2
78010 16180 78510 19100 0 2
78010 16180 78510 19100 1 2
78010 18700 78510 26660 0 2
78010 18700 78510 26660 1 2
78870 6940 79370 14900 0 2
78870 6940 79370 14900 1 2
78870 18700 79370 26660 0 2
78870 18700 79370 26660 1 2
79730 220 80230 3140 0 2
79730 220 80230 3140 1 2
79730 4420 80230 7340 0 2
79730 4420 80230 7340 1 2
79730 6940 80230 14900 0 2
79730 6940 80230 14900 1 2
79730 16180 80230 19100 0 2
79730 16180 80230 19100 1 2
79730 18700 80230 26660 0 2
79730 18700 80230 26660 1 2
80590 6940 81090 14900 0 2
80590 6940 81090 14900 1 2
80590 18700 81090 26660 0 2
80590 18700 81090 26660 1 2
81450 220 81950 3140 0 2
81450 220 81950 3140 1 2
81450 4420 81950 7340 0 2
81450 4420 81950 7340 1 2
81450 6940 81950 14900 0 2
81450 6940 81950 14900 1 2
81450 16180 81950 19100 0 2
81450 16180 81950 19100 1 2
81450 18700 81950 26660 0 2
81450 18700 81950 26660 1 2
82310 6940 82810 14900 0 2
82310 6940 82810 14900 1 2
82310 18700 82810 26660 0 2
82310 18700 82810 26660 1 2
83170 220 83670 3140 0 2
83170 220 83670 3140 1 2
83170 4420 83670 7340 0 2
83170 4420 83670 7340 1 2
83170 6940 83670 14900 0 2
83170 6940 83670 14900 1 2
83170 16180 83670 19100 0 2
83170 16180 83670 19100 1 2
83170 18700 83670 26660 0 2
83170 18700 83670 26660 1 2
84030 6940 84530 14900 0 2
84030 6940 84530 14900 1 2
84030 18700 84530 26660 0 2
84030 18700 84530 26660 1 2
84890 220 85390 3140 0 2
84890 220 85390 3140 1 2
84890 4420 85390 7340 0 2
84890 4420 85390 7340 1 2
84890 6940 85390 14900 0 2
84890 6940 85390 14900 1 2
84890 16180 85390 19100 0 2
84890 16180 85390 19100 1 2
84890 18700 85390 26660 0 2
84890 18700 85390 26660 1 2
85750 6940 86250 14900 0 2
85750 6940 86250 14900 1 2
85750 18700 86250 26660 0 2
85750 18700 86250 26660 1 2
86610 220 87110 3140 0 2
86610 220 87110 3140 1 2
86610 4420 87110 7340 0 2
86610 4420 87110 7340 1 2
86610 6940 87110 14900 0 2
86610 6940 87110 14900 1 2
86610 16180 87110 19100 0 2
86610 16180 87110 19100 1 2
86610 18700 87110 26660 0 2
86610 18700 87110 26660 1 2
87470 6940 87970 14900 0 2
87470 6940 87970 14900 1 2
87470 18700 87970 26660 0 2
87470 18700 87970 26660 1 2
88330 220 88830 3140 0 2
88330 220 88830 3140 1 2
88330 4420 88830 7340 0 2
88330 4420 88830 7340 1 2
88330 6940 88830 14900 0 2
88330 6940 88830 14900 1 2
88330 16180 88830 19100 0 2
88330 16180 88830 19100 1 2
88330 18700 88830 26660 0 2
88330 18700 88830 26660 1 2
89190 6940 89690 14900 0 2
89190 6940 89690 14900 1 2
89190 18700 89690 26660 0 2
89190 18700 89690 26660 1 2
90050 220 90550 3140 0 2
90050 220 90550 3140 1 2
90050 4420 90550 7340 0 2
90050 4420 90550 7340 1 2
90050 6940 90550 14900 0 2
90050 6940 90550 14900 1 2
90050 16180 90550 19100 0 2
90050 16180 90550 19100 1 2
90050 18700 90550 26660 0 2
90050 18700 90550 26660 1 2
90910 6940 91410 14900 0 2
90910 6940 91410 14900 1 2
90910 18700 91410 26660 0 2
90910 18700 91410 26660 1 2
91080 28280 94680 28840 1 2
91080 28280 94680 28840 2 2
91060 28280 94700 28840 0 2
91060 28280 94700 28840 1 2
91080 40040 94680 40600 1 2
91080 40040 94680 40600 2 2
91060 40040 94700 40600 0 2
91060 40040 94700 40600 1 2
91740 710 92300 26170 2 2
91740 710 92300 26170 3 2
91740 760 92300 26120 1 2
91740 760 92300 26120 2 2
91740 27590 92300 41290 2 2
91740 27590 92300 41290 3 2
91740 27640 92300 41240 1 2
91740 27640 92300 41240 2 2
91770 220 92270 3140 0 2
91770 220 92270 3140 1 2
91770 4420 92270 7340 0 2
91770 4420 92270 7340 1 2
91770 6940 92270 14900 0 2
91770 6940 92270 14900 1 2
91770 16180 92270 19100 0 2
91770 16180 92270 19100 1 2
91770 18700 92270 26660 0 2
91770 18700 92270 26660 1 2
91770 27100 92270 35060 0 2
91770 27100 92270 35060 1 2
91940 27440 95540 28000 1 2
91940 27440 95540 28000 2 2
91920 27440 95560 28000 0 2
91920 27440 95560 28000 1 2
92630 6940 93130 14900 0 2
92630 6940 93130 14900 1 2
92630 18700 93130 26660 0 2
92630 18700 93130 26660 1 2
92630 27100 93130 35060 0 2
92630 27100 93130 35060 1 2
92630 34660 93130 37580 0 2
92630 34660 93130 37580 1 2
92630 38860 93130 41780 0 2
92630 38860 93130 41780 1 2
92820 27440 94660 28000 1 2
92820 27440 94660 28000 2 2
92800 27440 94680 28000 0 2
92800 27440 94680 28000 1 2
93460 13310 94020 27010 2 2
93460 13310 94020 27010 3 2
93460 13360 94020 26960 1 2
93460 13360 94020 26960 2 2
93460 25390 94020 28370 2 2
93460 25390 94020 28370 3 2
93460 25440 94020 28320 1 2
93460 25440 94020 28320 2 2
93460 26750 94020 28690 2 2
93460 26750 94020 28690 3 2
93460 26800 94020 28640 1 2
93460 26800 94020 28640 2 2
93490 220 93990 3140 0 2
93490 220 93990 3140 1 2
93490 4420 93990 7340 0 2
93490 4420 93990 7340 1 2
93490 6940 93990 14900 0 2
93490 6940 93990 14900 1 2
93490 16180 93990 19100 0 2
93490 16180 93990 19100 1 2
93490 18700 93990 26660 0 2
93490 18700 93990 26660 1 2
93490 27100 93990 35060 0 2
93490 27100 93990 35060 1 2
94350 6940 94850 14900 0 2
94350 6940 94850 14900 1 2
94350 18700 94850 26660 0 2
94350 18700 94850 26660 1 2
95210 220 95710 3140 0 2
95210 220 95710 3140 1 2
95210 4420 95710 7340 0 2
95210 4420 95710 7340 1 2
95210 6940 95710 14900 0 2
95210 6940 95710 14900 1 2
95210 16180 95710 19100 0 2
95210 16180 95710 19100 1 2
95210 18700 95710 26660 0 2
95210 18700 95710 26660 1 2
96070 6940 96570 14900 0 2
96070 6940 96570 14900 1 2
96070 18700 96570 26660 0 2
96070 18700 96570 26660 1 2
96930 220 97430 3140 0 2
96930 220 97430 3140 1 2
96930 4420 97430 7340 0 2
96930 4420 97430 7340 1 2
96930 6940 97430 14900 0 2
96930 6940 97430 14900 1 2
96930 16180 97430 19100 0 2
96930 16180 97430 19100 1 2
96930 18700 97430 26660 0 2
96930 18700 97430 26660 1 2
97790 6940 98290 14900 0 2
97790 6940 98290 14900 1 2
97790 18700 98290 26660 0 2
97790 18700 98290 26660 1 2
98650 220 99150 3140 0 2
98650 220 99150 3140 1 2
98650 4420 99150 7340 0 2
98650 4420 99150 7340 1 2
98650 6940 99150 14900 0 2
98650 6940 99150 14900 1 2
98650 16180 99150 19100 0 2
98650 16180 99150 19100 1 2
98650 18700 99150 26660 0 2
98650 18700 99150 26660 1 2
99510 6940 100010 14900 0 2
99510 6940 100010 14900 1 2
99510 18700 100010 26660 0 2
99510 18700 100010 26660 1 2
100370 220 100870 3140 0 2
100370 220 100870 3140 1 2
100370 4420 100870 7340 0 2
100370 4420 100870 7340 1 2
100370 6940 100870 14900 0 2
100370 6940 100870 14900 1 2
100370 16180 100870 19100 0 2
100370 16180 100870 19100 1 2
100370 18700 100870 26660 0 2
100370 18700 100870 26660 1 2
101230 6940 101730 14900 0 2
101230 6940 101730 14900 1 2
101230 18700 101730 26660 0 2
101230 18700 101730 26660 1 2
102090 220 102590 3140 0 2
102090 220 102590 3140 1 2
102090 4420 102590 7340 0 2
102090 4420 102590 7340 1 2
102090 6940 102590 14900 0 2
102090 6940 102590 14900 1 2
102090 16180 102590 19100 0 2
102090 16180 102590 19100 1 2
102090 18700 102590 26660 0 2
102090 18700 102590 26660 1 2
102950 6940 103450 14900 0 2
102950 6940 103450 14900 1 2
102950 18700 103450 26660 0 2
102950 18700 103450 26660 1 2
103810 220 104310 3140 0 2
103810 220 104310 3140 1 2
103810 4420 104310 7340 0 2
103810 4420 104310 7340 1 2
103810 6940 104310 14900 0 2
103810 6940 104310 14900 1 2
103810 16180 104310 19100 0 2
103810 16180 104310 19100 1 2
103810 18700 104310 26660 0 2
103810 18700 104310 26660 1 2
104670 6940 105170 14900 0 2
104670 6940 105170 14900 1 2
104670 18700 105170 26660 0 2
104670 18700 105170 26660 1 2
105530 220 106030 3140 0 2
105530 220 106030 3140 1 2
105530 4420 106030 7340 0 2
105530 4420 106030 7340 1 2
105530 6940 106030 14900 0 2
105530 6940 106030 14900 1 2
105530 16180 106030 19100 0 2
105530 16180 106030 19100 1 2
105530 18700 106030 26660 0 2
105530 18700 106030 26660 1 2
106390 6940 106890 14900 0 2
106390 6940 106890 14900 1 2
106390 18700 106890 26660 0 2
106390 18700 106890 26660 1 2
107250 220 107750 3140 0 2
107250 220 107750 3140 1 2
107250 4420 107750 7340 0 2
107250 4420 107750 7340 1 2
107250 6940 107750 14900 0 2
107250 6940 107750 14900 1 2
107250 16180 107750 19100 0 2
107250 16180 107750 19100 1 2
107250 18700 107750 26660 0 2
107250 18700 107750 26660 1 2
108110 6940 108610 14900 0 2
108110 6940 108610 14900 1 2
108110 18700 108610 26660 0 2
108110 18700 108610 26660 1 2
108970 220 109470 3140 0 2
108970 220 109470 3140 1 2
108970 4420 109470 7340 0 2
108970 4420 109470 7340 1 2
108970 6940 109470 14900 0 2
108970 6940 109470 14900 1 2
108970 16180 109470 19100 0 2
108970 16180 109470 19100 1 2
108970 18700 109470 26660 0 2
108970 18700 109470 26660 1 2
109830 6940 110330 14900 0 2
109830 6940 110330 14900 1 2
109830 18700 110330 26660 0 2
109830 18700 110330 26660 1 2
110690 220 111190 3140 0 2
110690 220 111190 3140 1 2
110690 4420 111190 7340 0 2
110690 4420 111190 7340 1 2
110690 6940 111190 14900 0 2
110690 6940 111190 14900 1 2
110690 16180 111190 19100 0 2
110690 16180 111190 19100 1 2
110690 18700 111190 26660 0 2
110690 18700 111190 26660 1 2
111550 6940 112050 14900 0 2
111550 6940 112050 14900 1 2
111550 18700 112050 26660 0 2
111550 18700 112050 26660 1 2
112410 220 112910 3140 0 2
112410 220 112910 3140 1 2
112410 4420 112910 7340 0 2
112410 4420 112910 7340 1 2
112410 6940 112910 14900 0 2
112410 6940 112910 14900 1 2
112410 16180 112910 19100 0 2
112410 16180 112910 19100 1 2
112410 18700 112910 26660 0 2
112410 18700 112910 26660 1 2
113270 6940 113770 14900 0 2
113270 6940 113770 14900 1 2
113270 18700 113770 26660 0 2
113270 18700 113770 26660 1 2
