65280 25760 67160 26320 1 2
65280 25760 67160 26320 2 2
65260 25760 67180 26320 0 2
65260 25760 67180 26320 1 2
65280 27440 67160 28000 1 2
65280 27440 67160 28000 2 2
65260 27440 67180 28000 0 2
65260 27440 67180 28000 1 2
65300 25760 67140 26320 1 2
65300 25760 67140 26320 2 2
65280 25760 67160 26320 0 2
65280 25760 67160 26320 1 2
65300 27440 67140 28000 1 2
65300 27440 67140 28000 2 2
65280 27440 67160 28000 0 2
65280 27440 67160 28000 1 2
65970 25420 66470 26660 0 2
65970 25420 66470 26660 1 2
65970 25590 66470 28170 0 2
65970 25590 66470 28170 1 2
65970 27100 66470 28340 0 2
65970 27100 66470 28340 1 2
66140 13160 69740 13720 1 2
66140 13160 69740 13720 2 2
66120 13160 69760 13720 0 2
66120 13160 69760 13720 1 2
66140 24920 69740 25480 1 2
66140 24920 69740 25480 2 2
66120 24920 69760 25480 0 2
66120 24920 69760 25480 1 2
66140 28280 69740 28840 1 2
66140 28280 69740 28840 2 2
66120 28280 69760 28840 0 2
66120 28280 69760 28840 1 2
66140 40040 69740 40600 1 2
66140 40040 69740 40600 2 2
66120 40040 69760 40600 0 2
66120 40040 69760 40600 1 2
66830 18700 67330 26660 0 2
66830 18700 67330 26660 1 2
66830 27100 67330 35060 0 2
66830 27100 67330 35060 1 2
67690 11980 68190 14900 0 2
67690 11980 68190 14900 1 2
67690 16180 68190 19100 0 2
67690 16180 68190 19100 1 2
67690 18700 68190 26660 0 2
67690 18700 68190 26660 1 2
67690 27100 68190 35060 0 2
67690 27100 68190 35060 1 2
67690 34660 68190 37580 0 2
67690 34660 68190 37580 1 2
67690 38860 68190 41780 0 2
67690 38860 68190 41780 1 2
68520 12470 69080 26170 2 2
68520 12470 69080 26170 3 2
68520 12520 69080 26120 1 2
68520 12520 69080 26120 2 2
68520 27590 69080 41290 2 2
68520 27590 69080 41290 3 2
68520 27640 69080 41240 1 2
68520 27640 69080 41240 2 2
68550 18700 69050 26660 0 2
68550 18700 69050 26660 1 2
68550 27100 69050 35060 0 2
68550 27100 69050 35060 1 2
