780 13160 23300 13720 1 2
780 13160 23300 13720 2 2
760 13160 23320 13720 0 2
760 13160 23320 13720 1 2
780 24920 23300 25480 1 2
780 24920 23300 25480 2 2
760 24920 23320 25480 0 2
760 24920 23320 25480 1 2
1470 6940 1970 14900 0 2
1470 6940 1970 14900 1 2
1470 18700 1970 26660 0 2
1470 18700 1970 26660 1 2
1640 1400 22440 1960 1 2
1640 1400 22440 1960 2 2
1620 1400 22460 1960 0 2
1620 1400 22460 1960 1 2
1640 5600 22440 6160 1 2
1640 5600 22440 6160 2 2
1620 5600 22460 6160 0 2
1620 5600 22460 6160 1 2
1640 14000 22440 14560 1 2
1640 14000 22440 14560 2 2
1620 14000 22460 14560 0 2
1620 14000 22460 14560 1 2
1640 17360 22440 17920 1 2
1640 17360 22440 17920 2 2
1620 17360 22460 17920 0 2
1620 17360 22460 17920 1 2
1640 25760 22440 26320 1 2
1640 25760 22440 26320 2 2
1620 25760 22460 26320 0 2
1620 25760 22460 26320 1 2
2330 220 2830 3140 0 2
2330 220 2830 3140 1 2
2330 4420 2830 7340 0 2
2330 4420 2830 7340 1 2
2330 6940 2830 14900 0 2
2330 6940 2830 14900 1 2
2330 16180 2830 19100 0 2
2330 16180 2830 19100 1 2
2330 18700 2830 26660 0 2
2330 18700 2830 26660 1 2
3190 6940 3690 14900 0 2
3190 6940 3690 14900 1 2
3190 18700 3690 26660 0 2
3190 18700 3690 26660 1 2
4050 220 4550 3140 0 2
4050 220 4550 3140 1 2
4050 4420 4550 7340 0 2
4050 4420 4550 7340 1 2
4050 6940 4550 14900 0 2
4050 6940 4550 14900 1 2
4050 16180 4550 19100 0 2
4050 16180 4550 19100 1 2
4050 18700 4550 26660 0 2
4050 18700 4550 26660 1 2
4910 6940 5410 14900 0 2
4910 6940 5410 14900 1 2
4910 18700 5410 26660 0 2
4910 18700 5410 26660 1 2
5770 220 6270 3140 0 2
5770 220 6270 3140 1 2
5770 4420 6270 7340 0 2
5770 4420 6270 7340 1 2
5770 6940 6270 14900 0 2
5770 6940 6270 14900 1 2
5770 16180 6270 19100 0 2
5770 16180 6270 19100 1 2
5770 18700 6270 26660 0 2
5770 18700 6270 26660 1 2
6630 6940 7130 14900 0 2
6630 6940 7130 14900 1 2
6630 18700 7130 26660 0 2
6630 18700 7130 26660 1 2
7490 220 7990 3140 0 2
7490 220 7990 3140 1 2
7490 4420 7990 7340 0 2
7490 4420 7990 7340 1 2
7490 6940 7990 14900 0 2
7490 6940 7990 14900 1 2
7490 16180 7990 19100 0 2
7490 16180 7990 19100 1 2
7490 18700 7990 26660 0 2
7490 18700 7990 26660 1 2
8350 6940 8850 14900 0 2
8350 6940 8850 14900 1 2
8350 18700 8850 26660 0 2
8350 18700 8850 26660 1 2
9210 220 9710 3140 0 2
9210 220 9710 3140 1 2
9210 4420 9710 7340 0 2
9210 4420 9710 7340 1 2
9210 6940 9710 14900 0 2
9210 6940 9710 14900 1 2
9210 16180 9710 19100 0 2
9210 16180 9710 19100 1 2
9210 18700 9710 26660 0 2
9210 18700 9710 26660 1 2
9380 27440 12980 28000 1 2
9380 27440 12980 28000 2 2
9360 27440 13000 28000 0 2
9360 27440 13000 28000 1 2
9380 35840 12980 36400 1 2
9380 35840 12980 36400 2 2
9360 35840 13000 36400 0 2
9360 35840 13000 36400 1 2
10070 6940 10570 14900 0 2
10070 6940 10570 14900 1 2
10070 18700 10570 26660 0 2
10070 18700 10570 26660 1 2
10240 28280 13840 28840 1 2
10240 28280 13840 28840 2 2
10220 28280 13860 28840 0 2
10220 28280 13860 28840 1 2
10240 40040 13840 40600 1 2
10240 40040 13840 40600 2 2
10220 40040 13860 40600 0 2
10220 40040 13860 40600 1 2
10260 27440 12100 28000 1 2
10260 27440 12100 28000 2 2
10240 27440 12120 28000 0 2
10240 27440 12120 28000 1 2
10900 13310 11460 27010 2 2
10900 13310 11460 27010 3 2
10900 13360 11460 26960 1 2
10900 13360 11460 26960 2 2
10900 25390 11460 28370 2 2
10900 25390 11460 28370 3 2
10900 25440 11460 28320 1 2
10900 25440 11460 28320 2 2
10900 26750 11460 28690 2 2
10900 26750 11460 28690 3 2
10900 26800 11460 28640 1 2
10900 26800 11460 28640 2 2
10930 220 11430 3140 0 2
10930 220 11430 3140 1 2
10930 4420 11430 7340 0 2
10930 4420 11430 7340 1 2
10930 6940 11430 14900 0 2
10930 6940 11430 14900 1 2
10930 16180 11430 19100 0 2
10930 16180 11430 19100 1 2
10930 18700 11430 26660 0 2
10930 18700 11430 26660 1 2
10930 27100 11430 35060 0 2
10930 27100 11430 35060 1 2
11120 14840 12960 15400 1 2
11120 14840 12960 15400 2 2
11100 14840 12980 15400 0 2
11100 14840 12980 15400 1 2
11120 35840 12960 36400 1 2
11120 35840 12960 36400 2 2
11100 35840 12980 36400 0 2
11100 35840 12980 36400 1 2
11760 4910 12320 18610 2 2
11760 4910 12320 18610 3 2
11760 4960 12320 18560 1 2
11760 4960 12320 18560 2 2
11760 14100 12320 16140 2 2
11760 14100 12320 16140 3 2
11760 14150 12320 16090 1 2
11760 14150 12320 16090 2 2
11760 14150 12320 16090 2 2
11760 14150 12320 16090 3 2
11760 14200 12320 16040 1 2
11760 14200 12320 16040 2 2
11760 16990 12320 36770 2 2
11760 16990 12320 36770 3 2
11760 17040 12320 36720 1 2
11760 17040 12320 36720 2 2
11760 35150 12320 37090 2 2
11760 35150 12320 37090 3 2
11760 35200 12320 37040 1 2
11760 35200 12320 37040 2 2
11790 6940 12290 14900 0 2
11790 6940 12290 14900 1 2
11790 18700 12290 26660 0 2
11790 18700 12290 26660 1 2
11790 27100 12290 35060 0 2
11790 27100 12290 35060 1 2
11790 34660 12290 37580 0 2
11790 34660 12290 37580 1 2
11790 38860 12290 41780 0 2
11790 38860 12290 41780 1 2
11440 14840 32420 15400 1 2
11440 14840 32420 15400 2 2
11420 14840 32440 15400 0 2
11420 14840 32440 15400 1 2
11440 27440 29840 28000 1 2
11440 27440 29840 28000 2 2
11420 27440 29860 28000 0 2
11420 27440 29860 28000 1 2
11980 2240 13820 2800 1 2
11980 2240 13820 2800 2 2
11960 2240 13840 2800 0 2
11960 2240 13840 2800 1 2
11980 29120 13820 29680 1 2
11980 29120 13820 29680 2 2
11960 29120 13840 29680 0 2
11960 29120 13840 29680 1 2
12620 710 13180 26170 2 2
12620 710 13180 26170 3 2
12620 760 13180 26120 1 2
12620 760 13180 26120 2 2
12620 1500 13180 3540 2 2
12620 1500 13180 3540 3 2
12620 1550 13180 3490 1 2
12620 1550 13180 3490 2 2
12620 1550 13180 3490 2 2
12620 1550 13180 3490 3 2
12620 1600 13180 3440 1 2
12620 1600 13180 3440 2 2
12620 27590 13180 41290 2 2
12620 27590 13180 41290 3 2
12620 27640 13180 41240 1 2
12620 27640 13180 41240 2 2
12620 28380 13180 30420 2 2
12620 28380 13180 30420 3 2
12620 28430 13180 30370 1 2
12620 28430 13180 30370 2 2
12620 28430 13180 30370 2 2
12620 28430 13180 30370 3 2
12620 28480 13180 30320 1 2
12620 28480 13180 30320 2 2
12650 220 13150 3140 0 2
12650 220 13150 3140 1 2
12650 4420 13150 7340 0 2
12650 4420 13150 7340 1 2
12650 6940 13150 14900 0 2
12650 6940 13150 14900 1 2
12650 16180 13150 19100 0 2
12650 16180 13150 19100 1 2
12650 18700 13150 26660 0 2
12650 18700 13150 26660 1 2
12650 27100 13150 35060 0 2
12650 27100 13150 35060 1 2
12300 2240 30700 2800 1 2
12300 2240 30700 2800 2 2
12280 2240 30720 2800 0 2
12280 2240 30720 2800 1 2
12300 29120 30700 29680 1 2
12300 29120 30700 29680 2 2
12280 29120 30720 29680 0 2
12280 29120 30720 29680 1 2
13510 6940 14010 14900 0 2
13510 6940 14010 14900 1 2
13510 18700 14010 26660 0 2
13510 18700 14010 26660 1 2
14370 220 14870 3140 0 2
14370 220 14870 3140 1 2
14370 4420 14870 7340 0 2
14370 4420 14870 7340 1 2
14370 6940 14870 14900 0 2
14370 6940 14870 14900 1 2
14370 16180 14870 19100 0 2
14370 16180 14870 19100 1 2
14370 18700 14870 26660 0 2
14370 18700 14870 26660 1 2
15230 6940 15730 14900 0 2
15230 6940 15730 14900 1 2
15230 18700 15730 26660 0 2
15230 18700 15730 26660 1 2
16090 220 16590 3140 0 2
16090 220 16590 3140 1 2
16090 4420 16590 7340 0 2
16090 4420 16590 7340 1 2
16090 6940 16590 14900 0 2
16090 6940 16590 14900 1 2
16090 16180 16590 19100 0 2
16090 16180 16590 19100 1 2
16090 18700 16590 26660 0 2
16090 18700 16590 26660 1 2
16950 6940 17450 14900 0 2
16950 6940 17450 14900 1 2
16950 18700 17450 26660 0 2
16950 18700 17450 26660 1 2
17810 220 18310 3140 0 2
17810 220 18310 3140 1 2
17810 4420 18310 7340 0 2
17810 4420 18310 7340 1 2
17810 6940 18310 14900 0 2
17810 6940 18310 14900 1 2
17810 16180 18310 19100 0 2
17810 16180 18310 19100 1 2
17810 18700 18310 26660 0 2
17810 18700 18310 26660 1 2
18670 6940 19170 14900 0 2
18670 6940 19170 14900 1 2
18670 18700 19170 26660 0 2
18670 18700 19170 26660 1 2
19530 220 20030 3140 0 2
19530 220 20030 3140 1 2
19530 4420 20030 7340 0 2
19530 4420 20030 7340 1 2
19530 6940 20030 14900 0 2
19530 6940 20030 14900 1 2
19530 16180 20030 19100 0 2
19530 16180 20030 19100 1 2
19530 18700 20030 26660 0 2
19530 18700 20030 26660 1 2
20390 6940 20890 14900 0 2
20390 6940 20890 14900 1 2
20390 18700 20890 26660 0 2
20390 18700 20890 26660 1 2
21250 220 21750 3140 0 2
21250 220 21750 3140 1 2
21250 4420 21750 7340 0 2
21250 4420 21750 7340 1 2
21250 6940 21750 14900 0 2
21250 6940 21750 14900 1 2
21250 16180 21750 19100 0 2
21250 16180 21750 19100 1 2
21250 18700 21750 26660 0 2
21250 18700 21750 26660 1 2
22110 6940 22610 14900 0 2
22110 6940 22610 14900 1 2
22110 18700 22610 26660 0 2
22110 18700 22610 26660 1 2
24860 13160 37060 13720 1 2
24860 13160 37060 13720 2 2
24840 13160 37080 13720 0 2
24840 13160 37080 13720 1 2
24860 24920 37060 25480 1 2
24860 24920 37060 25480 2 2
24840 24920 37080 25480 0 2
24840 24920 37080 25480 1 2
25550 6940 26050 14900 0 2
25550 6940 26050 14900 1 2
25550 18700 26050 26660 0 2
25550 18700 26050 26660 1 2
25720 1400 36200 1960 1 2
25720 1400 36200 1960 2 2
25700 1400 36220 1960 0 2
25700 1400 36220 1960 1 2
25720 5600 36200 6160 1 2
25720 5600 36200 6160 2 2
25700 5600 36220 6160 0 2
25700 5600 36220 6160 1 2
25720 14000 36200 14560 1 2
25720 14000 36200 14560 2 2
25700 14000 36220 14560 0 2
25700 14000 36220 14560 1 2
25720 17360 36200 17920 1 2
25720 17360 36200 17920 2 2
25700 17360 36220 17920 0 2
25700 17360 36220 17920 1 2
25720 25760 36200 26320 1 2
25720 25760 36200 26320 2 2
25700 25760 36220 26320 0 2
25700 25760 36220 26320 1 2
26410 220 26910 3140 0 2
26410 220 26910 3140 1 2
26410 4420 26910 7340 0 2
26410 4420 26910 7340 1 2
26410 6940 26910 14900 0 2
26410 6940 26910 14900 1 2
26410 16180 26910 19100 0 2
26410 16180 26910 19100 1 2
26410 18700 26910 26660 0 2
26410 18700 26910 26660 1 2
27270 6940 27770 14900 0 2
27270 6940 27770 14900 1 2
27270 18700 27770 26660 0 2
27270 18700 27770 26660 1 2
28130 220 28630 3140 0 2
28130 220 28630 3140 1 2
28130 4420 28630 7340 0 2
28130 4420 28630 7340 1 2
28130 6940 28630 14900 0 2
28130 6940 28630 14900 1 2
28130 16180 28630 19100 0 2
28130 16180 28630 19100 1 2
28130 18700 28630 26660 0 2
28130 18700 28630 26660 1 2
28300 26920 30180 28520 3 2
28300 26920 30180 28520 4 2
28300 26920 30180 28520 2 2
28300 26920 30180 28520 3 2
28320 27440 30160 28000 1 2
28320 27440 30160 28000 2 2
28300 27440 30180 28000 0 2
28300 27440 30180 28000 1 2
28960 26700 29520 28740 2 2
28960 26700 29520 28740 3 2
28960 26750 29520 28690 1 2
28960 26750 29520 28690 2 2
28960 26750 29520 28690 2 2
28960 26750 29520 28690 3 2
28960 26800 29520 28640 1 2
28960 26800 29520 28640 2 2
28960 26828 29520 28612 2 2
28960 26828 29520 28612 3 2
28960 26878 29520 28562 1 2
28960 26878 29520 28562 2 2
28990 6940 29490 14900 0 2
28990 6940 29490 14900 1 2
28990 18700 29490 26660 0 2
28990 18700 29490 26660 1 2
28630 26920 93490 28520 3 2
28630 26920 93490 28520 4 2
28630 26920 93490 28520 2 2
28630 26920 93490 28520 3 2
29160 28280 32760 28840 1 2
29160 28280 32760 28840 2 2
29140 28280 32780 28840 0 2
29140 28280 32780 28840 1 2
29160 40040 32760 40600 1 2
29160 40040 32760 40600 2 2
29140 40040 32780 40600 0 2
29140 40040 32780 40600 1 2
29180 2240 31020 2800 1 2
29180 2240 31020 2800 2 2
29160 2240 31040 2800 0 2
29160 2240 31040 2800 1 2
29180 6440 31020 7000 1 2
29180 6440 31020 7000 2 2
29160 6440 31040 7000 0 2
29160 6440 31040 7000 1 2
29180 29120 31020 29680 1 2
29180 29120 31020 29680 2 2
29160 29120 31040 29680 0 2
29160 29120 31040 29680 1 2
29820 710 30380 26170 2 2
29820 710 30380 26170 3 2
29820 760 30380 26120 1 2
29820 760 30380 26120 2 2
29820 1500 30380 3540 2 2
29820 1500 30380 3540 3 2
29820 1550 30380 3490 1 2
29820 1550 30380 3490 2 2
29820 1550 30380 3490 2 2
29820 1550 30380 3490 3 2
29820 1600 30380 3440 1 2
29820 1600 30380 3440 2 2
29820 5700 30380 7740 2 2
29820 5700 30380 7740 3 2
29820 5750 30380 7690 1 2
29820 5750 30380 7690 2 2
29820 5750 30380 7690 2 2
29820 5750 30380 7690 3 2
29820 5800 30380 7640 1 2
29820 5800 30380 7640 2 2
29820 27590 30380 41290 2 2
29820 27590 30380 41290 3 2
29820 27640 30380 41240 1 2
29820 27640 30380 41240 2 2
29820 28380 30380 30420 2 2
29820 28380 30380 30420 3 2
29820 28430 30380 30370 1 2
29820 28430 30380 30370 2 2
29820 28430 30380 30370 2 2
29820 28430 30380 30370 3 2
29820 28480 30380 30320 1 2
29820 28480 30380 30320 2 2
29850 220 30350 3140 0 2
29850 220 30350 3140 1 2
29850 4420 30350 7340 0 2
29850 4420 30350 7340 1 2
29850 6940 30350 14900 0 2
29850 6940 30350 14900 1 2
29850 16180 30350 19100 0 2
29850 16180 30350 19100 1 2
29850 18700 30350 26660 0 2
29850 18700 30350 26660 1 2
29850 27100 30350 35060 0 2
29850 27100 30350 35060 1 2
29500 6440 46180 7000 1 2
29500 6440 46180 7000 2 2
29480 6440 46200 7000 0 2
29480 6440 46200 7000 1 2
29500 29120 46180 29680 1 2
29500 29120 46180 29680 2 2
29480 29120 46200 29680 0 2
29480 29120 46200 29680 1 2
30020 27440 33620 28000 1 2
30020 27440 33620 28000 2 2
30000 27440 33640 28000 0 2
30000 27440 33640 28000 1 2
30020 35840 33620 36400 1 2
30020 35840 33620 36400 2 2
30000 35840 33640 36400 0 2
30000 35840 33640 36400 1 2
30040 18200 31880 18760 1 2
30040 18200 31880 18760 2 2
30020 18200 31900 18760 0 2
30020 18200 31900 18760 1 2
30040 35840 31880 36400 1 2
30040 35840 31880 36400 2 2
30020 35840 31900 36400 0 2
30020 35840 31900 36400 1 2
30680 4910 31240 18610 2 2
30680 4910 31240 18610 3 2
30680 4960 31240 18560 1 2
30680 4960 31240 18560 2 2
30680 16990 31240 36770 2 2
30680 16990 31240 36770 3 2
30680 17040 31240 36720 1 2
30680 17040 31240 36720 2 2
30680 17460 31240 19500 2 2
30680 17460 31240 19500 3 2
30680 17510 31240 19450 1 2
30680 17510 31240 19450 2 2
30680 17510 31240 19450 2 2
30680 17510 31240 19450 3 2
30680 17560 31240 19400 1 2
30680 17560 31240 19400 2 2
30680 35150 31240 37090 2 2
30680 35150 31240 37090 3 2
30680 35200 31240 37040 1 2
30680 35200 31240 37040 2 2
30710 6940 31210 14900 0 2
30710 6940 31210 14900 1 2
30710 18700 31210 26660 0 2
30710 18700 31210 26660 1 2
30710 27100 31210 35060 0 2
30710 27100 31210 35060 1 2
30710 34660 31210 37580 0 2
30710 34660 31210 37580 1 2
30710 38860 31210 41780 0 2
30710 38860 31210 41780 1 2
30360 18200 41020 18760 1 2
30360 18200 41020 18760 2 2
30340 18200 41040 18760 0 2
30340 18200 41040 18760 1 2
30900 14840 32740 15400 1 2
30900 14840 32740 15400 2 2
30880 14840 32760 15400 0 2
30880 14840 32760 15400 1 2
30900 27440 32740 28000 1 2
30900 27440 32740 28000 2 2
30880 27440 32760 28000 0 2
30880 27440 32760 28000 1 2
31540 13310 32100 27010 2 2
31540 13310 32100 27010 3 2
31540 13360 32100 26960 1 2
31540 13360 32100 26960 2 2
31540 14100 32100 16140 2 2
31540 14100 32100 16140 3 2
31540 14150 32100 16090 1 2
31540 14150 32100 16090 2 2
31540 14150 32100 16090 2 2
31540 14150 32100 16090 3 2
31540 14200 32100 16040 1 2
31540 14200 32100 16040 2 2
31540 25390 32100 28370 2 2
31540 25390 32100 28370 3 2
31540 25440 32100 28320 1 2
31540 25440 32100 28320 2 2
31540 26750 32100 28690 2 2
31540 26750 32100 28690 3 2
31540 26800 32100 28640 1 2
31540 26800 32100 28640 2 2
31570 220 32070 3140 0 2
31570 220 32070 3140 1 2
31570 4420 32070 7340 0 2
31570 4420 32070 7340 1 2
31570 6940 32070 14900 0 2
31570 6940 32070 14900 1 2
31570 16180 32070 19100 0 2
31570 16180 32070 19100 1 2
31570 18700 32070 26660 0 2
31570 18700 32070 26660 1 2
31570 27100 32070 35060 0 2
31570 27100 32070 35060 1 2
32430 6940 32930 14900 0 2
32430 6940 32930 14900 1 2
32430 18700 32930 26660 0 2
32430 18700 32930 26660 1 2
33290 220 33790 3140 0 2
33290 220 33790 3140 1 2
33290 4420 33790 7340 0 2
33290 4420 33790 7340 1 2
33290 6940 33790 14900 0 2
33290 6940 33790 14900 1 2
33290 16180 33790 19100 0 2
33290 16180 33790 19100 1 2
33290 18700 33790 26660 0 2
33290 18700 33790 26660 1 2
34150 6940 34650 14900 0 2
34150 6940 34650 14900 1 2
34150 18700 34650 26660 0 2
34150 18700 34650 26660 1 2
35010 220 35510 3140 0 2
35010 220 35510 3140 1 2
35010 4420 35510 7340 0 2
35010 4420 35510 7340 1 2
35010 6940 35510 14900 0 2
35010 6940 35510 14900 1 2
35010 16180 35510 19100 0 2
35010 16180 35510 19100 1 2
35010 18700 35510 26660 0 2
35010 18700 35510 26660 1 2
35870 6940 36370 14900 0 2
35870 6940 36370 14900 1 2
35870 18700 36370 26660 0 2
35870 18700 36370 26660 1 2
38620 17360 50820 17920 1 2
38620 17360 50820 17920 2 2
38600 17360 50840 17920 0 2
38600 17360 50840 17920 1 2
39310 11140 39810 19100 0 2
39310 11140 39810 19100 1 2
39480 5600 49960 6160 1 2
39480 5600 49960 6160 2 2
39460 5600 49980 6160 0 2
39460 5600 49980 6160 1 2
39480 9800 49960 10360 1 2
39480 9800 49960 10360 2 2
39460 9800 49980 10360 0 2
39460 9800 49980 10360 1 2
39480 18200 49960 18760 1 2
39480 18200 49960 18760 2 2
39460 18200 49980 18760 0 2
39460 18200 49980 18760 1 2
40170 4420 40670 7340 0 2
40170 4420 40670 7340 1 2
40170 8620 40670 11540 0 2
40170 8620 40670 11540 1 2
40170 11140 40670 19100 0 2
40170 11140 40670 19100 1 2
41030 11140 41530 19100 0 2
41030 11140 41530 19100 1 2
41890 4420 42390 7340 0 2
41890 4420 42390 7340 1 2
41890 8620 42390 11540 0 2
41890 8620 42390 11540 1 2
41890 11140 42390 19100 0 2
41890 11140 42390 19100 1 2
42060 19880 45660 20440 1 2
42060 19880 45660 20440 2 2
42040 19880 45680 20440 0 2
42040 19880 45680 20440 1 2
42060 28280 45660 28840 1 2
42060 28280 45660 28840 2 2
42040 28280 45680 28840 0 2
42040 28280 45680 28840 1 2
42080 9800 43920 10360 1 2
42080 9800 43920 10360 2 2
42060 9800 43940 10360 0 2
42060 9800 43940 10360 1 2
42080 19040 43920 19600 1 2
42080 19040 43920 19600 2 2
42060 19040 43940 19600 0 2
42060 19040 43940 19600 1 2
42080 28280 43920 28840 1 2
42080 28280 43920 28840 2 2
42060 28280 43940 28840 0 2
42060 28280 43940 28840 1 2
42720 9110 43280 11050 2 2
42720 9110 43280 11050 3 2
42720 9160 43280 11000 1 2
42720 9160 43280 11000 2 2
42720 9430 43280 29210 2 2
42720 9430 43280 29210 3 2
42720 9480 43280 29160 1 2
42720 9480 43280 29160 2 2
42720 18300 43280 20340 2 2
42720 18300 43280 20340 3 2
42720 18350 43280 20290 1 2
42720 18350 43280 20290 2 2
42720 18350 43280 20290 2 2
42720 18350 43280 20290 3 2
42720 18400 43280 20240 1 2
42720 18400 43280 20240 2 2
42720 27590 43280 29530 2 2
42720 27590 43280 29530 3 2
42720 27640 43280 29480 1 2
42720 27640 43280 29480 2 2
42750 11140 43250 19100 0 2
42750 11140 43250 19100 1 2
42400 19040 53060 19600 1 2
42400 19040 53060 19600 2 2
42380 19040 53080 19600 0 2
42380 19040 53080 19600 1 2
42920 20720 46520 21280 1 2
42920 20720 46520 21280 2 2
42900 20720 46540 21280 0 2
42900 20720 46540 21280 1 2
42920 32480 46520 33040 1 2
42920 32480 46520 33040 2 2
42900 32480 46540 33040 0 2
42900 32480 46540 33040 1 2
42940 18200 44780 18760 1 2
42940 18200 44780 18760 2 2
42920 18200 44800 18760 0 2
42920 18200 44800 18760 1 2
42940 19880 44780 20440 1 2
42940 19880 44780 20440 2 2
42920 19880 44800 20440 0 2
42920 19880 44800 20440 1 2
43580 17510 44140 19450 2 2
43580 17510 44140 19450 3 2
43580 17560 44140 19400 1 2
43580 17560 44140 19400 2 2
43580 17830 44140 20810 2 2
43580 17830 44140 20810 3 2
43580 17880 44140 20760 1 2
43580 17880 44140 20760 2 2
43580 19190 44140 21130 2 2
43580 19190 44140 21130 3 2
43580 19240 44140 21080 1 2
43580 19240 44140 21080 2 2
43610 4420 44110 7340 0 2
43610 4420 44110 7340 1 2
43610 8620 44110 11540 0 2
43610 8620 44110 11540 1 2
43610 11140 44110 19100 0 2
43610 11140 44110 19100 1 2
43610 19540 44110 27500 0 2
43610 19540 44110 27500 1 2
44470 11140 44970 19100 0 2
44470 11140 44970 19100 1 2
44470 19540 44970 27500 0 2
44470 19540 44970 27500 1 2
44470 27100 44970 30020 0 2
44470 27100 44970 30020 1 2
44470 31300 44970 34220 0 2
44470 31300 44970 34220 1 2
44660 6440 46500 7000 1 2
44660 6440 46500 7000 2 2
44640 6440 46520 7000 0 2
44640 6440 46520 7000 1 2
44660 21560 46500 22120 1 2
44660 21560 46500 22120 2 2
44640 21560 46520 22120 0 2
44640 21560 46520 22120 1 2
44660 29120 46500 29680 1 2
44660 29120 46500 29680 2 2
44640 29120 46520 29680 0 2
44640 29120 46520 29680 1 2
45300 4910 45860 18610 2 2
45300 4910 45860 18610 3 2
45300 4960 45860 18560 1 2
45300 4960 45860 18560 2 2
45300 5700 45860 7740 2 2
45300 5700 45860 7740 3 2
45300 5750 45860 7690 1 2
45300 5750 45860 7690 2 2
45300 5750 45860 7690 2 2
45300 5750 45860 7690 3 2
45300 5800 45860 7640 1 2
45300 5800 45860 7640 2 2
45300 20030 45860 33730 2 2
45300 20030 45860 33730 3 2
45300 20080 45860 33680 1 2
45300 20080 45860 33680 2 2
45300 20820 45860 22860 2 2
45300 20820 45860 22860 3 2
45300 20870 45860 22810 1 2
45300 20870 45860 22810 2 2
45300 20870 45860 22810 2 2
45300 20870 45860 22810 3 2
45300 20920 45860 22760 1 2
45300 20920 45860 22760 2 2
45300 28380 45860 30420 2 2
45300 28380 45860 30420 3 2
45300 28430 45860 30370 1 2
45300 28430 45860 30370 2 2
45300 28430 45860 30370 2 2
45300 28430 45860 30370 3 2
45300 28480 45860 30320 1 2
45300 28480 45860 30320 2 2
45330 4420 45830 7340 0 2
45330 4420 45830 7340 1 2
45330 8620 45830 11540 0 2
45330 8620 45830 11540 1 2
45330 11140 45830 19100 0 2
45330 11140 45830 19100 1 2
45330 19540 45830 27500 0 2
45330 19540 45830 27500 1 2
44980 6440 55640 7000 1 2
44980 6440 55640 7000 2 2
44960 6440 55660 7000 0 2
44960 6440 55660 7000 1 2
44980 21560 55640 22120 1 2
44980 21560 55640 22120 2 2
44960 21560 55660 22120 0 2
44960 21560 55660 22120 1 2
46190 11140 46690 19100 0 2
46190 11140 46690 19100 1 2
47050 4420 47550 7340 0 2
47050 4420 47550 7340 1 2
47050 8620 47550 11540 0 2
47050 8620 47550 11540 1 2
47050 11140 47550 19100 0 2
47050 11140 47550 19100 1 2
47910 11140 48410 19100 0 2
47910 11140 48410 19100 1 2
48770 4420 49270 7340 0 2
48770 4420 49270 7340 1 2
48770 8620 49270 11540 0 2
48770 8620 49270 11540 1 2
48770 11140 49270 19100 0 2
48770 11140 49270 19100 1 2
49630 11140 50130 19100 0 2
49630 11140 50130 19100 1 2
51520 18200 53400 18760 1 2
51520 18200 53400 18760 2 2
51500 18200 53420 18760 0 2
51500 18200 53420 18760 1 2
51520 19040 53400 19600 1 2
51520 19040 53400 19600 2 2
51500 19040 53420 19600 0 2
51500 19040 53420 19600 1 2
52210 17860 52710 19100 0 2
52210 17860 52710 19100 1 2
52210 18030 52710 19770 0 2
52210 18030 52710 19770 1 2
52210 18700 52710 19940 0 2
52210 18700 52710 19940 1 2
51860 18200 54780 18760 1 2
51860 18200 54780 18760 2 2
51840 18200 54800 18760 0 2
51840 18200 54800 18760 1 2
52380 17360 59420 17920 1 2
52380 17360 59420 17920 2 2
52360 17360 59440 17920 0 2
52360 17360 59440 17920 1 2
53070 11140 53570 19100 0 2
53070 11140 53570 19100 1 2
53240 5600 58560 6160 1 2
53240 5600 58560 6160 2 2
53220 5600 58580 6160 0 2
53220 5600 58580 6160 1 2
53240 9800 58560 10360 1 2
53240 9800 58560 10360 2 2
53220 9800 58580 10360 0 2
53220 9800 58580 10360 1 2
53240 18200 58560 18760 1 2
53240 18200 58560 18760 2 2
53220 18200 58580 18760 0 2
53220 18200 58580 18760 1 2
53930 4420 54430 7340 0 2
53930 4420 54430 7340 1 2
53930 8620 54430 11540 0 2
53930 8620 54430 11540 1 2
53930 11140 54430 19100 0 2
53930 11140 54430 19100 1 2
54100 20720 57700 21280 1 2
54100 20720 57700 21280 2 2
54080 20720 57720 21280 0 2
54080 20720 57720 21280 1 2
54100 32480 57700 33040 1 2
54100 32480 57700 33040 2 2
54080 32480 57720 33040 0 2
54080 32480 57720 33040 1 2
54120 6440 55960 7000 1 2
54120 6440 55960 7000 2 2
54100 6440 55980 7000 0 2
54100 6440 55980 7000 1 2
54120 8960 55960 9520 1 2
54120 8960 55960 9520 2 2
54100 8960 55980 9520 0 2
54100 8960 55980 9520 1 2
54120 21560 55960 22120 1 2
54120 21560 55960 22120 2 2
54100 21560 55980 22120 0 2
54100 21560 55980 22120 1 2
54120 36680 55960 37240 1 2
54120 36680 55960 37240 2 2
54100 36680 55980 37240 0 2
54100 36680 55980 37240 1 2
54760 4910 55320 18610 2 2
54760 4910 55320 18610 3 2
54760 4960 55320 18560 1 2
54760 4960 55320 18560 2 2
54760 5700 55320 7740 2 2
54760 5700 55320 7740 3 2
54760 5750 55320 7690 1 2
54760 5750 55320 7690 2 2
54760 5750 55320 7690 2 2
54760 5750 55320 7690 3 2
54760 5800 55320 7640 1 2
54760 5800 55320 7640 2 2
54760 8220 55320 10260 2 2
54760 8220 55320 10260 3 2
54760 8270 55320 10210 1 2
54760 8270 55320 10210 2 2
54760 8270 55320 10210 2 2
54760 8270 55320 10210 3 2
54760 8320 55320 10160 1 2
54760 8320 55320 10160 2 2
54760 20030 55320 33730 2 2
54760 20030 55320 33730 3 2
54760 20080 55320 33680 1 2
54760 20080 55320 33680 2 2
54760 20820 55320 22860 2 2
54760 20820 55320 22860 3 2
54760 20870 55320 22810 1 2
54760 20870 55320 22810 2 2
54760 20870 55320 22810 2 2
54760 20870 55320 22810 3 2
54760 20920 55320 22760 1 2
54760 20920 55320 22760 2 2
54760 32110 55320 37610 2 2
54760 32110 55320 37610 3 2
54760 32160 55320 37560 1 2
54760 32160 55320 37560 2 2
54760 35990 55320 37930 2 2
54760 35990 55320 37930 3 2
54760 36040 55320 37880 1 2
54760 36040 55320 37880 2 2
54790 11140 55290 19100 0 2
54790 11140 55290 19100 1 2
54790 19540 55290 27500 0 2
54790 19540 55290 27500 1 2
54440 8960 63380 9520 1 2
54440 8960 63380 9520 2 2
54420 8960 63400 9520 0 2
54420 8960 63400 9520 1 2
54440 21560 63380 22120 1 2
54440 21560 63380 22120 2 2
54420 21560 63400 22120 0 2
54420 21560 63400 22120 1 2
54440 36680 63380 37240 1 2
54440 36680 63380 37240 2 2
54420 36680 63400 37240 0 2
54420 36680 63400 37240 1 2
54960 19880 58560 20440 1 2
54960 19880 58560 20440 2 2
54940 19880 58580 20440 0 2
54940 19880 58580 20440 1 2
54960 28280 58560 28840 1 2
54960 28280 58560 28840 2 2
54940 28280 58580 28840 0 2
54940 28280 58580 28840 1 2
54980 18200 56820 18760 1 2
54980 18200 56820 18760 2 2
54960 18200 56840 18760 0 2
54960 18200 56840 18760 1 2
54980 19880 56820 20440 1 2
54980 19880 56820 20440 2 2
54960 19880 56840 20440 0 2
54960 19880 56840 20440 1 2
55620 17510 56180 19450 2 2
55620 17510 56180 19450 3 2
55620 17560 56180 19400 1 2
55620 17560 56180 19400 2 2
55620 17830 56180 20810 2 2
55620 17830 56180 20810 3 2
55620 17880 56180 20760 1 2
55620 17880 56180 20760 2 2
55620 19190 56180 21130 2 2
55620 19190 56180 21130 3 2
55620 19240 56180 21080 1 2
55620 19240 56180 21080 2 2
55650 4420 56150 7340 0 2
55650 4420 56150 7340 1 2
55650 8620 56150 11540 0 2
55650 8620 56150 11540 1 2
55650 11140 56150 19100 0 2
55650 11140 56150 19100 1 2
55650 19540 56150 27500 0 2
55650 19540 56150 27500 1 2
55650 27100 56150 30020 0 2
55650 27100 56150 30020 1 2
55650 31300 56150 34220 0 2
55650 31300 56150 34220 1 2
55840 9800 57680 10360 1 2
55840 9800 57680 10360 2 2
55820 9800 57700 10360 0 2
55820 9800 57700 10360 1 2
55840 24920 57680 25480 1 2
55840 24920 57680 25480 2 2
55820 24920 57700 25480 0 2
55820 24920 57700 25480 1 2
55840 28280 57680 28840 1 2
55840 28280 57680 28840 2 2
55820 28280 57700 28840 0 2
55820 28280 57700 28840 1 2
56480 9110 57040 11050 2 2
56480 9110 57040 11050 3 2
56480 9160 57040 11000 1 2
56480 9160 57040 11000 2 2
56480 9430 57040 29210 2 2
56480 9430 57040 29210 3 2
56480 9480 57040 29160 1 2
56480 9480 57040 29160 2 2
56480 24180 57040 26220 2 2
56480 24180 57040 26220 3 2
56480 24230 57040 26170 1 2
56480 24230 57040 26170 2 2
56480 24230 57040 26170 2 2
56480 24230 57040 26170 3 2
56480 24280 57040 26120 1 2
56480 24280 57040 26120 2 2
56480 27590 57040 29530 2 2
56480 27590 57040 29530 3 2
56480 27640 57040 29480 1 2
56480 27640 57040 29480 2 2
56510 11140 57010 19100 0 2
56510 11140 57010 19100 1 2
56510 19540 57010 27500 0 2
56510 19540 57010 27500 1 2
56160 24920 62520 25480 1 2
56160 24920 62520 25480 2 2
56140 24920 62540 25480 0 2
56140 24920 62540 25480 1 2
57370 4420 57870 7340 0 2
57370 4420 57870 7340 1 2
57370 8620 57870 11540 0 2
57370 8620 57870 11540 1 2
57370 11140 57870 19100 0 2
57370 11140 57870 19100 1 2
57020 9800 62520 10360 1 2
57020 9800 62520 10360 2 2
57000 9800 62540 10360 0 2
57000 9800 62540 10360 1 2
58230 11140 58730 19100 0 2
58230 11140 58730 19100 1 2
60980 9800 64580 10360 1 2
60980 9800 64580 10360 2 2
60960 9800 64600 10360 0 2
60960 9800 64600 10360 1 2
60980 24920 64580 25480 1 2
60980 24920 64580 25480 2 2
60960 24920 64600 25480 0 2
60960 24920 64600 25480 1 2
61670 8620 62170 16580 0 2
61670 8620 62170 16580 1 2
61670 23740 62170 31700 0 2
61670 23740 62170 31700 1 2
61840 8960 65440 9520 1 2
61840 8960 65440 9520 2 2
61820 8960 65460 9520 0 2
61820 8960 65460 9520 1 2
61840 17360 65440 17920 1 2
61840 17360 65440 17920 2 2
61820 17360 65460 17920 0 2
61820 17360 65460 17920 1 2
61840 21560 65440 22120 1 2
61840 21560 65440 22120 2 2
61820 21560 65460 22120 0 2
61820 21560 65460 22120 1 2
61840 24080 65440 24640 1 2
61840 24080 65440 24640 2 2
61820 24080 65460 24640 0 2
61820 24080 65460 24640 1 2
61840 36680 65440 37240 1 2
61840 36680 65440 37240 2 2
61820 36680 65460 37240 0 2
61820 36680 65460 37240 1 2
62530 8620 63030 16580 0 2
62530 8620 63030 16580 1 2
62530 16180 63030 19100 0 2
62530 16180 63030 19100 1 2
62530 20380 63030 23300 0 2
62530 20380 63030 23300 1 2
62530 23740 63030 31700 0 2
62530 23740 63030 31700 1 2
62530 31300 63030 34220 0 2
62530 31300 63030 34220 1 2
62530 35500 63030 38420 0 2
62530 35500 63030 38420 1 2
63390 8620 63890 16580 0 2
63390 8620 63890 16580 1 2
63390 23740 63890 31700 0 2
63390 23740 63890 31700 1 2
63900 8960 69400 9520 1 2
63900 8960 69400 9520 2 2
63880 8960 69420 9520 0 2
63880 8960 69420 9520 1 2
63900 17360 66820 17920 1 2
63900 17360 66820 17920 2 2
63880 17360 66840 17920 0 2
63880 17360 66840 17920 1 2
63900 24080 94340 24640 1 2
63900 24080 94340 24640 2 2
63880 24080 94360 24640 0 2
63880 24080 94360 24640 1 2
63900 36680 69400 37240 1 2
63900 36680 69400 37240 2 2
63880 36680 69420 37240 0 2
63880 36680 69420 37240 1 2
65280 17360 68880 17920 1 2
65280 17360 68880 17920 2 2
65260 17360 68900 17920 0 2
65260 17360 68900 17920 1 2
65280 35840 68880 36400 1 2
65280 35840 68880 36400 2 2
65260 35840 68900 36400 0 2
65260 35840 68900 36400 1 2
65300 17360 67140 17920 1 2
65300 17360 67140 17920 2 2
65280 17360 67160 17920 0 2
65280 17360 67160 17920 1 2
65300 35840 67140 36400 1 2
65300 35840 67140 36400 2 2
65280 35840 67160 36400 0 2
65280 35840 67160 36400 1 2
65940 16670 66500 18610 2 2
65940 16670 66500 18610 3 2
65940 16720 66500 18560 1 2
65940 16720 66500 18560 2 2
65940 16990 66500 36770 2 2
65940 16990 66500 36770 3 2
65940 17040 66500 36720 1 2
65940 17040 66500 36720 2 2
65940 35150 66500 37090 2 2
65940 35150 66500 37090 3 2
65940 35200 66500 37040 1 2
65940 35200 66500 37040 2 2
66140 13160 69740 13720 1 2
66140 13160 69740 13720 2 2
66120 13160 69760 13720 0 2
66120 13160 69760 13720 1 2
66140 24920 69740 25480 1 2
66140 24920 69740 25480 2 2
66120 24920 69760 25480 0 2
66120 24920 69760 25480 1 2
66140 28280 69740 28840 1 2
66140 28280 69740 28840 2 2
66120 28280 69760 28840 0 2
66120 28280 69760 28840 1 2
66140 40040 69740 40600 1 2
66140 40040 69740 40600 2 2
66120 40040 69760 40600 0 2
66120 40040 69760 40600 1 2
66830 18700 67330 26660 0 2
66830 18700 67330 26660 1 2
66830 27100 67330 35060 0 2
66830 27100 67330 35060 1 2
67690 11980 68190 14900 0 2
67690 11980 68190 14900 1 2
67690 16180 68190 19100 0 2
67690 16180 68190 19100 1 2
67690 18700 68190 26660 0 2
67690 18700 68190 26660 1 2
67690 27100 68190 35060 0 2
67690 27100 68190 35060 1 2
67690 34660 68190 37580 0 2
67690 34660 68190 37580 1 2
67690 38860 68190 41780 0 2
67690 38860 68190 41780 1 2
67880 8960 69720 9520 1 2
67880 8960 69720 9520 2 2
67860 8960 69740 9520 0 2
67860 8960 69740 9520 1 2
67880 36680 69720 37240 1 2
67880 36680 69720 37240 2 2
67860 36680 69740 37240 0 2
67860 36680 69740 37240 1 2
68520 8270 69080 10210 2 2
68520 8270 69080 10210 3 2
68520 8320 69080 10160 1 2
68520 8320 69080 10160 2 2
68520 8590 69080 14090 2 2
68520 8590 69080 14090 3 2
68520 8640 69080 14040 1 2
68520 8640 69080 14040 2 2
68520 12470 69080 26170 2 2
68520 12470 69080 26170 3 2
68520 12520 69080 26120 1 2
68520 12520 69080 26120 2 2
68520 27590 69080 41290 2 2
68520 27590 69080 41290 3 2
68520 27640 69080 41240 1 2
68520 27640 69080 41240 2 2
68520 35940 69080 37980 2 2
68520 35940 69080 37980 3 2
68520 35990 69080 37930 1 2
68520 35990 69080 37930 2 2
68520 35990 69080 37930 2 2
68520 35990 69080 37930 3 2
68520 36040 69080 37880 1 2
68520 36040 69080 37880 2 2
68550 18700 69050 26660 0 2
68550 18700 69050 26660 1 2
68550 27100 69050 35060 0 2
68550 27100 69050 35060 1 2
68200 8960 92620 9520 1 2
68200 8960 92620 9520 2 2
68180 8960 92640 9520 0 2
68180 8960 92640 9520 1 2
68200 36680 92620 37240 1 2
68200 36680 92620 37240 2 2
68180 36680 92640 37240 0 2
68180 36680 92640 37240 1 2
71300 13160 114460 13720 1 2
71300 13160 114460 13720 2 2
71280 13160 114480 13720 0 2
71280 13160 114480 13720 1 2
71300 24920 114460 25480 1 2
71300 24920 114460 25480 2 2
71280 24920 114480 25480 0 2
71280 24920 114480 25480 1 2
71990 6940 72490 14900 0 2
71990 6940 72490 14900 1 2
71990 18700 72490 26660 0 2
71990 18700 72490 26660 1 2
72160 1400 113600 1960 1 2
72160 1400 113600 1960 2 2
72140 1400 113620 1960 0 2
72140 1400 113620 1960 1 2
72160 5600 113600 6160 1 2
72160 5600 113600 6160 2 2
72140 5600 113620 6160 0 2
72140 5600 113620 6160 1 2
72160 14000 113600 14560 1 2
72160 14000 113600 14560 2 2
72140 14000 113620 14560 0 2
72140 14000 113620 14560 1 2
72160 17360 113600 17920 1 2
72160 17360 113600 17920 2 2
72140 17360 113620 17920 0 2
72140 17360 113620 17920 1 2
72160 25760 113600 26320 1 2
72160 25760 113600 26320 2 2
72140 25760 113620 26320 0 2
72140 25760 113620 26320 1 2
72850 220 73350 3140 0 2
72850 220 73350 3140 1 2
72850 4420 73350 7340 0 2
72850 4420 73350 7340 1 2
72850 6940 73350 14900 0 2
72850 6940 73350 14900 1 2
72850 16180 73350 19100 0 2
72850 16180 73350 19100 1 2
72850 18700 73350 26660 0 2
72850 18700 73350 26660 1 2
73710 6940 74210 14900 0 2
73710 6940 74210 14900 1 2
73710 18700 74210 26660 0 2
73710 18700 74210 26660 1 2
74570 220 75070 3140 0 2
74570 220 75070 3140 1 2
74570 4420 75070 7340 0 2
74570 4420 75070 7340 1 2
74570 6940 75070 14900 0 2
74570 6940 75070 14900 1 2
74570 16180 75070 19100 0 2
74570 16180 75070 19100 1 2
74570 18700 75070 26660 0 2
74570 18700 75070 26660 1 2
75430 6940 75930 14900 0 2
75430 6940 75930 14900 1 2
75430 18700 75930 26660 0 2
75430 18700 75930 26660 1 2
76290 220 76790 3140 0 2
76290 220 76790 3140 1 2
76290 4420 76790 7340 0 2
76290 4420 76790 7340 1 2
76290 6940 76790 14900 0 2
76290 6940 76790 14900 1 2
76290 16180 76790 19100 0 2
76290 16180 76790 19100 1 2
76290 18700 76790 26660 0 2
76290 18700 76790 26660 1 2
77150 6940 77650 14900 0 2
77150 6940 77650 14900 1 2
77150 18700 77650 26660 0 2
77150 18700 77650 26660 1 2
78010 220 78510 3140 0 2
78010 220 78510 3140 1 2
78010 4420 78510 7340 0 2
78010 4420 78510 7340 1 2
78010 6940 78510 14900 0 2
78010 6940 78510 14900 1 2
78010 16180 78510 19100 0 2
78010 16180 78510 19100 1 2
78010 18700 78510 26660 0 2
78010 18700 78510 26660 1 2
78870 6940 79370 14900 0 2
78870 6940 79370 14900 1 2
78870 18700 79370 26660 0 2
78870 18700 79370 26660 1 2
79730 220 80230 3140 0 2
79730 220 80230 3140 1 2
79730 4420 80230 7340 0 2
79730 4420 80230 7340 1 2
79730 6940 80230 14900 0 2
79730 6940 80230 14900 1 2
79730 16180 80230 19100 0 2
79730 16180 80230 19100 1 2
79730 18700 80230 26660 0 2
79730 18700 80230 26660 1 2
80590 6940 81090 14900 0 2
80590 6940 81090 14900 1 2
80590 18700 81090 26660 0 2
80590 18700 81090 26660 1 2
81450 220 81950 3140 0 2
81450 220 81950 3140 1 2
81450 4420 81950 7340 0 2
81450 4420 81950 7340 1 2
81450 6940 81950 14900 0 2
81450 6940 81950 14900 1 2
81450 16180 81950 19100 0 2
81450 16180 81950 19100 1 2
81450 18700 81950 26660 0 2
81450 18700 81950 26660 1 2
82310 6940 82810 14900 0 2
82310 6940 82810 14900 1 2
82310 18700 82810 26660 0 2
82310 18700 82810 26660 1 2
83170 220 83670 3140 0 2
83170 220 83670 3140 1 2
83170 4420 83670 7340 0 2
83170 4420 83670 7340 1 2
83170 6940 83670 14900 0 2
83170 6940 83670 14900 1 2
83170 16180 83670 19100 0 2
83170 16180 83670 19100 1 2
83170 18700 83670 26660 0 2
83170 18700 83670 26660 1 2
84030 6940 84530 14900 0 2
84030 6940 84530 14900 1 2
84030 18700 84530 26660 0 2
84030 18700 84530 26660 1 2
84890 220 85390 3140 0 2
84890 220 85390 3140 1 2
84890 4420 85390 7340 0 2
84890 4420 85390 7340 1 2
84890 6940 85390 14900 0 2
84890 6940 85390 14900 1 2
84890 16180 85390 19100 0 2
84890 16180 85390 19100 1 2
84890 18700 85390 26660 0 2
84890 18700 85390 26660 1 2
85750 6940 86250 14900 0 2
85750 6940 86250 14900 1 2
85750 18700 86250 26660 0 2
85750 18700 86250 26660 1 2
