1000 12720 2440 14160 0 2
1000 24480 2440 25920 0 2
1860 960 3300 2400 0 2
1860 5160 3300 6600 0 2
1860 13560 3300 15000 0 2
1860 16920 3300 18360 0 2
1860 25320 3300 26760 0 2
2720 12720 4160 14160 0 2
2720 24480 4160 25920 0 2
3580 960 5020 2400 0 2
3580 5160 5020 6600 0 2
3580 13560 5020 15000 0 2
3580 16920 5020 18360 0 2
3580 25320 5020 26760 0 2
4440 12720 5880 14160 0 2
4440 24480 5880 25920 0 2
5300 960 6740 2400 0 2
5300 5160 6740 6600 0 2
5300 13560 6740 15000 0 2
5300 16920 6740 18360 0 2
5300 25320 6740 26760 0 2
6160 12720 7600 14160 0 2
6160 24480 7600 25920 0 2
7020 960 8460 2400 0 2
7020 5160 8460 6600 0 2
7020 13560 8460 15000 0 2
7020 16920 8460 18360 0 2
7020 25320 8460 26760 0 2
7880 12720 9320 14160 0 2
7880 24480 9320 25920 0 2
8740 960 10180 2400 0 2
8740 5160 10180 6600 0 2
8740 13560 10180 15000 0 2
8740 16920 10180 18360 0 2
8740 25320 10180 26760 0 2
9600 12720 11040 14160 0 2
9600 24480 11040 25920 0 2
10460 960 11900 2400 0 2
10460 5160 11900 6600 0 2
10460 13560 11900 15000 0 2
10460 16920 11900 18360 0 2
10460 25320 11900 26760 0 2
10460 27840 11900 29280 0 2
11320 12720 12760 14160 0 2
11320 24480 12760 25920 0 2
11320 27000 12760 28440 0 2
11320 35400 12760 36840 0 2
11320 39600 12760 41040 0 2
12180 960 13620 2400 0 2
12180 5160 13620 6600 0 2
12180 13560 13620 15000 0 2
12180 16920 13620 18360 0 2
12180 25320 13620 26760 0 2
12180 27840 13620 29280 0 2
13040 12720 14480 14160 0 2
13040 24480 14480 25920 0 2
13900 960 15340 2400 0 2
13900 5160 15340 6600 0 2
13900 13560 15340 15000 0 2
13900 16920 15340 18360 0 2
13900 25320 15340 26760 0 2
14760 12720 16200 14160 0 2
14760 24480 16200 25920 0 2
15620 960 17060 2400 0 2
15620 5160 17060 6600 0 2
15620 13560 17060 15000 0 2
15620 16920 17060 18360 0 2
15620 25320 17060 26760 0 2
16480 12720 17920 14160 0 2
16480 24480 17920 25920 0 2
17340 960 18780 2400 0 2
17340 5160 18780 6600 0 2
17340 13560 18780 15000 0 2
17340 16920 18780 18360 0 2
17340 25320 18780 26760 0 2
18200 12720 19640 14160 0 2
18200 24480 19640 25920 0 2
19060 960 20500 2400 0 2
19060 5160 20500 6600 0 2
19060 13560 20500 15000 0 2
19060 16920 20500 18360 0 2
19060 25320 20500 26760 0 2
19920 12720 21360 14160 0 2
19920 24480 21360 25920 0 2
20780 960 22220 2400 0 2
20780 5160 22220 6600 0 2
20780 13560 22220 15000 0 2
20780 16920 22220 18360 0 2
20780 25320 22220 26760 0 2
21640 12720 23080 14160 0 2
21640 24480 23080 25920 0 2
25080 12720 26520 14160 0 2
25080 24480 26520 25920 0 2
25940 960 27380 2400 0 2
25940 5160 27380 6600 0 2
25940 13560 27380 15000 0 2
25940 16920 27380 18360 0 2
25940 25320 27380 26760 0 2
26800 12720 28240 14160 0 2
26800 24480 28240 25920 0 2
27660 960 29100 2400 0 2
27660 5160 29100 6600 0 2
27660 13560 29100 15000 0 2
27660 16920 29100 18360 0 2
27660 25320 29100 26760 0 2
28520 12720 29960 14160 0 2
28520 24480 29960 25920 0 2
29380 960 30820 2400 0 2
29380 5160 30820 6600 0 2
29380 13560 30820 15000 0 2
29380 16920 30820 18360 0 2
29380 25320 30820 26760 0 2
29380 27840 30820 29280 0 2
30240 12720 31680 14160 0 2
30240 24480 31680 25920 0 2
30240 27000 31680 28440 0 2
30240 35400 31680 36840 0 2
30240 39600 31680 41040 0 2
31100 960 32540 2400 0 2
31100 5160 32540 6600 0 2
31100 13560 32540 15000 0 2
31100 16920 32540 18360 0 2
31100 25320 32540 26760 0 2
31100 27840 32540 29280 0 2
31960 12720 33400 14160 0 2
31960 24480 33400 25920 0 2
32820 960 34260 2400 0 2
32820 5160 34260 6600 0 2
32820 13560 34260 15000 0 2
32820 16920 34260 18360 0 2
32820 25320 34260 26760 0 2
33680 12720 35120 14160 0 2
33680 24480 35120 25920 0 2
34540 960 35980 2400 0 2
34540 5160 35980 6600 0 2
34540 13560 35980 15000 0 2
34540 16920 35980 18360 0 2
34540 25320 35980 26760 0 2
35400 12720 36840 14160 0 2
35400 24480 36840 25920 0 2
38840 16920 40280 18360 0 2
39700 5160 41140 6600 0 2
39700 9360 41140 10800 0 2
39700 17760 41140 19200 0 2
40560 16920 42000 18360 0 2
41420 5160 42860 6600 0 2
41420 9360 42860 10800 0 2
41420 17760 42860 19200 0 2
42280 16920 43720 18360 0 2
43140 5160 44580 6600 0 2
43140 9360 44580 10800 0 2
43140 17760 44580 19200 0 2
43140 20280 44580 21720 0 2
44000 16920 45440 18360 0 2
44000 19440 45440 20880 0 2
44000 27840 45440 29280 0 2
44000 32040 45440 33480 0 2
44860 5160 46300 6600 0 2
44860 9360 46300 10800 0 2
44860 17760 46300 19200 0 2
44860 20280 46300 21720 0 2
45720 16920 47160 18360 0 2
46580 5160 48020 6600 0 2
46580 9360 48020 10800 0 2
46580 17760 48020 19200 0 2
47440 16920 48880 18360 0 2
48300 5160 49740 6600 0 2
48300 9360 49740 10800 0 2
48300 17760 49740 19200 0 2
49160 16920 50600 18360 0 2
51740 17760 53180 19200 0 2
51740 18600 53180 20040 0 2
52600 16920 54040 18360 0 2
53460 5160 54900 6600 0 2
53460 9360 54900 10800 0 2
53460 17760 54900 19200 0 2
54320 16920 55760 18360 0 2
54320 20280 55760 21720 0 2
55180 5160 56620 6600 0 2
55180 9360 56620 10800 0 2
55180 17760 56620 19200 0 2
55180 19440 56620 20880 0 2
55180 27840 56620 29280 0 2
55180 32040 56620 33480 0 2
56040 16920 57480 18360 0 2
56040 20280 57480 21720 0 2
56900 5160 58340 6600 0 2
56900 9360 58340 10800 0 2
56900 17760 58340 19200 0 2
57760 16920 59200 18360 0 2
61200 9360 62640 10800 0 2
61200 24480 62640 25920 0 2
62060 8520 63500 9960 0 2
62060 16920 63500 18360 0 2
62060 21120 63500 22560 0 2
62060 23640 63500 25080 0 2
62060 32040 63500 33480 0 2
62060 36240 63500 37680 0 2
62920 9360 64360 10800 0 2
62920 24480 64360 25920 0 2
65500 25320 66940 26760 0 2
65500 27000 66940 28440 0 2
66360 24480 67800 25920 0 2
66360 27840 67800 29280 0 2
67220 12720 68660 14160 0 2
67220 16920 68660 18360 0 2
67220 25320 68660 26760 0 2
67220 27000 68660 28440 0 2
67220 35400 68660 36840 0 2
67220 39600 68660 41040 0 2
68080 24480 69520 25920 0 2
68080 27840 69520 29280 0 2
71520 12720 72960 14160 0 2
71520 24480 72960 25920 0 2
72380 960 73820 2400 0 2
72380 5160 73820 6600 0 2
72380 13560 73820 15000 0 2
72380 16920 73820 18360 0 2
72380 25320 73820 26760 0 2
73240 12720 74680 14160 0 2
73240 24480 74680 25920 0 2
74100 960 75540 2400 0 2
74100 5160 75540 6600 0 2
74100 13560 75540 15000 0 2
74100 16920 75540 18360 0 2
74100 25320 75540 26760 0 2
74960 12720 76400 14160 0 2
74960 24480 76400 25920 0 2
75820 960 77260 2400 0 2
75820 5160 77260 6600 0 2
75820 13560 77260 15000 0 2
75820 16920 77260 18360 0 2
75820 25320 77260 26760 0 2
76680 12720 78120 14160 0 2
76680 24480 78120 25920 0 2
77540 960 78980 2400 0 2
77540 5160 78980 6600 0 2
77540 13560 78980 15000 0 2
77540 16920 78980 18360 0 2
77540 25320 78980 26760 0 2
78400 12720 79840 14160 0 2
78400 24480 79840 25920 0 2
79260 960 80700 2400 0 2
79260 5160 80700 6600 0 2
79260 13560 80700 15000 0 2
79260 16920 80700 18360 0 2
79260 25320 80700 26760 0 2
80120 12720 81560 14160 0 2
80120 24480 81560 25920 0 2
80980 960 82420 2400 0 2
80980 5160 82420 6600 0 2
80980 13560 82420 15000 0 2
80980 16920 82420 18360 0 2
80980 25320 82420 26760 0 2
81840 12720 83280 14160 0 2
81840 24480 83280 25920 0 2
82700 960 84140 2400 0 2
82700 5160 84140 6600 0 2
82700 13560 84140 15000 0 2
82700 16920 84140 18360 0 2
82700 25320 84140 26760 0 2
83560 12720 85000 14160 0 2
83560 24480 85000 25920 0 2
84420 960 85860 2400 0 2
84420 5160 85860 6600 0 2
84420 13560 85860 15000 0 2
84420 16920 85860 18360 0 2
84420 25320 85860 26760 0 2
85280 12720 86720 14160 0 2
85280 24480 86720 25920 0 2
86140 960 87580 2400 0 2
86140 5160 87580 6600 0 2
86140 13560 87580 15000 0 2
86140 16920 87580 18360 0 2
86140 25320 87580 26760 0 2
87000 12720 88440 14160 0 2
87000 24480 88440 25920 0 2
87860 960 89300 2400 0 2
87860 5160 89300 6600 0 2
87860 13560 89300 15000 0 2
87860 16920 89300 18360 0 2
87860 25320 89300 26760 0 2
88720 12720 90160 14160 0 2
88720 24480 90160 25920 0 2
89580 960 91020 2400 0 2
89580 5160 91020 6600 0 2
89580 13560 91020 15000 0 2
89580 16920 91020 18360 0 2
89580 25320 91020 26760 0 2
90440 12720 91880 14160 0 2
90440 24480 91880 25920 0 2
91300 960 92740 2400 0 2
91300 5160 92740 6600 0 2
91300 13560 92740 15000 0 2
91300 16920 92740 18360 0 2
91300 25320 92740 26760 0 2
91300 27840 92740 29280 0 2
92160 12720 93600 14160 0 2
92160 24480 93600 25920 0 2
92160 27000 93600 28440 0 2
92160 35400 93600 36840 0 2
92160 39600 93600 41040 0 2
93020 960 94460 2400 0 2
93020 5160 94460 6600 0 2
93020 13560 94460 15000 0 2
93020 16920 94460 18360 0 2
93020 25320 94460 26760 0 2
93020 27840 94460 29280 0 2
93880 12720 95320 14160 0 2
93880 24480 95320 25920 0 2
94740 960 96180 2400 0 2
94740 5160 96180 6600 0 2
94740 13560 96180 15000 0 2
94740 16920 96180 18360 0 2
94740 25320 96180 26760 0 2
95600 12720 97040 14160 0 2
95600 24480 97040 25920 0 2
96460 960 97900 2400 0 2
96460 5160 97900 6600 0 2
96460 13560 97900 15000 0 2
96460 16920 97900 18360 0 2
96460 25320 97900 26760 0 2
97320 12720 98760 14160 0 2
97320 24480 98760 25920 0 2
98180 960 99620 2400 0 2
98180 5160 99620 6600 0 2
98180 13560 99620 15000 0 2
98180 16920 99620 18360 0 2
98180 25320 99620 26760 0 2
99040 12720 100480 14160 0 2
99040 24480 100480 25920 0 2
99900 960 101340 2400 0 2
99900 5160 101340 6600 0 2
99900 13560 101340 15000 0 2
99900 16920 101340 18360 0 2
99900 25320 101340 26760 0 2
100760 12720 102200 14160 0 2
100760 24480 102200 25920 0 2
101620 960 103060 2400 0 2
101620 5160 103060 6600 0 2
101620 13560 103060 15000 0 2
101620 16920 103060 18360 0 2
101620 25320 103060 26760 0 2
102480 12720 103920 14160 0 2
102480 24480 103920 25920 0 2
103340 960 104780 2400 0 2
103340 5160 104780 6600 0 2
103340 13560 104780 15000 0 2
103340 16920 104780 18360 0 2
103340 25320 104780 26760 0 2
104200 12720 105640 14160 0 2
104200 24480 105640 25920 0 2
105060 960 106500 2400 0 2
105060 5160 106500 6600 0 2
105060 13560 106500 15000 0 2
105060 16920 106500 18360 0 2
105060 25320 106500 26760 0 2
105920 12720 107360 14160 0 2
105920 24480 107360 25920 0 2
106780 960 108220 2400 0 2
106780 5160 108220 6600 0 2
106780 13560 108220 15000 0 2
106780 16920 108220 18360 0 2
106780 25320 108220 26760 0 2
107640 12720 109080 14160 0 2
107640 24480 109080 25920 0 2
108500 960 109940 2400 0 2
108500 5160 109940 6600 0 2
108500 13560 109940 15000 0 2
108500 16920 109940 18360 0 2
108500 25320 109940 26760 0 2
109360 12720 110800 14160 0 2
109360 24480 110800 25920 0 2
110220 960 111660 2400 0 2
110220 5160 111660 6600 0 2
110220 13560 111660 15000 0 2
110220 16920 111660 18360 0 2
110220 25320 111660 26760 0 2
111080 12720 112520 14160 0 2
111080 24480 112520 25920 0 2
111940 960 113380 2400 0 2
111940 5160 113380 6600 0 2
111940 13560 113380 15000 0 2
111940 16920 113380 18360 0 2
111940 25320 113380 26760 0 2
112800 12720 114240 14160 0 2
112800 24480 114240 25920 0 2
10540 13640 11820 14920 1 2
10540 25400 11820 26680 1 2
10540 27080 11820 28360 1 2
11400 5240 12680 6520 1 2
11400 14480 12680 15760 1 2
11400 17000 12680 18280 1 2
11400 35480 12680 36760 1 2
12260 1040 13540 2320 1 2
12260 1880 13540 3160 1 2
12260 12800 13540 14080 1 2
12260 24560 13540 25840 1 2
12260 27920 13540 29200 1 2
12260 28760 13540 30040 1 2
12260 39680 13540 40960 1 2
28600 27080 29880 28360 1 2
29460 1040 30740 2320 1 2
29460 1880 30740 3160 1 2
29460 6080 30740 7360 1 2
29460 12800 30740 14080 1 2
29460 24560 30740 25840 1 2
29460 27920 30740 29200 1 2
29460 28760 30740 30040 1 2
29460 39680 30740 40960 1 2
30320 5240 31600 6520 1 2
30320 17000 31600 18280 1 2
30320 17840 31600 19120 1 2
30320 35480 31600 36760 1 2
31180 13640 32460 14920 1 2
31180 14480 32460 15760 1 2
31180 25400 32460 26680 1 2
31180 27080 32460 28360 1 2
42360 9440 43640 10720 1 2
42360 18680 43640 19960 1 2
42360 27920 43640 29200 1 2
43220 17840 44500 19120 1 2
43220 19520 44500 20800 1 2
44940 5240 46220 6520 1 2
44940 6080 46220 7360 1 2
44940 17000 46220 18280 1 2
44940 20360 46220 21640 1 2
44940 21200 46220 22480 1 2
44940 28760 46220 30040 1 2
44940 32120 46220 33400 1 2
54400 5240 55680 6520 1 2
54400 6080 55680 7360 1 2
54400 8600 55680 9880 1 2
54400 17000 55680 18280 1 2
54400 20360 55680 21640 1 2
54400 21200 55680 22480 1 2
54400 32120 55680 33400 1 2
54400 36320 55680 37600 1 2
55260 17840 56540 19120 1 2
55260 19520 56540 20800 1 2
56120 9440 57400 10720 1 2
56120 24560 57400 25840 1 2
56120 27920 57400 29200 1 2
65580 17000 66860 18280 1 2
65580 35480 66860 36760 1 2
68160 8600 69440 9880 1 2
68160 12800 69440 14080 1 2
68160 24560 69440 25840 1 2
68160 27920 69440 29200 1 2
68160 36320 69440 37600 1 2
68160 39680 69440 40960 1 2
91380 1040 92660 2320 1 2
91380 8600 92660 9880 1 2
91380 12800 92660 14080 1 2
91380 24560 92660 25840 1 2
91380 27920 92660 29200 1 2
91380 36320 92660 37600 1 2
91380 39680 92660 40960 1 2
92240 5240 93520 6520 1 2
92240 17000 93520 18280 1 2
92240 35480 93520 36760 1 2
93100 13640 94380 14920 1 2
93100 23720 94380 25000 1 2
93100 25400 94380 26680 1 2
93100 27080 94380 28360 1 2
28440 26920 30040 28520 2 2
92080 26920 93680 28520 2 2
