38840 16920 40280 18360 0 2
39700 5160 41140 6600 0 2
39700 9360 41140 10800 0 2
39700 17760 41140 19200 0 2
40560 16920 42000 18360 0 2
41420 5160 42860 6600 0 2
41420 9360 42860 10800 0 2
41420 17760 42860 19200 0 2
42280 16920 43720 18360 0 2
43140 5160 44580 6600 0 2
43140 9360 44580 10800 0 2
43140 17760 44580 19200 0 2
43140 20280 44580 21720 0 2
44000 16920 45440 18360 0 2
44000 19440 45440 20880 0 2
44000 27840 45440 29280 0 2
44000 32040 45440 33480 0 2
44860 5160 46300 6600 0 2
44860 9360 46300 10800 0 2
44860 17760 46300 19200 0 2
44860 20280 46300 21720 0 2
45720 16920 47160 18360 0 2
46580 5160 48020 6600 0 2
46580 9360 48020 10800 0 2
46580 17760 48020 19200 0 2
47440 16920 48880 18360 0 2
48300 5160 49740 6600 0 2
48300 9360 49740 10800 0 2
48300 17760 49740 19200 0 2
49160 16920 50600 18360 0 2
51740 17760 53180 19200 0 2
51740 18600 53180 20040 0 2
52600 16920 54040 18360 0 2
53460 5160 54900 6600 0 2
53460 9360 54900 10800 0 2
53460 17760 54900 19200 0 2
54320 16920 55760 18360 0 2
54320 20280 55760 21720 0 2
55180 5160 56620 6600 0 2
55180 9360 56620 10800 0 2
55180 17760 56620 19200 0 2
55180 19440 56620 20880 0 2
55180 27840 56620 29280 0 2
55180 32040 56620 33480 0 2
56040 16920 57480 18360 0 2
56040 20280 57480 21720 0 2
56900 5160 58340 6600 0 2
56900 9360 58340 10800 0 2
56900 17760 58340 19200 0 2
57760 16920 59200 18360 0 2
42360 9440 43640 10720 1 2
42360 18680 43640 19960 1 2
42360 27920 43640 29200 1 2
43220 17840 44500 19120 1 2
43220 19520 44500 20800 1 2
44940 5240 46220 6520 1 2
44940 17000 46220 18280 1 2
44940 20360 46220 21640 1 2
44940 21200 46220 22480 1 2
44940 32120 46220 33400 1 2
54400 5240 55680 6520 1 2
54400 17000 55680 18280 1 2
54400 20360 55680 21640 1 2
54400 21200 55680 22480 1 2
54400 32120 55680 33400 1 2
55260 17840 56540 19120 1 2
55260 19520 56540 20800 1 2
56120 9440 57400 10720 1 2
56120 27920 57400 29200 1 2
