780 13160 23300 13720 1 2
780 13160 23300 13720 2 2
760 13160 23320 13720 0 2
760 13160 23320 13720 1 2
780 24920 23300 25480 1 2
780 24920 23300 25480 2 2
760 24920 23320 25480 0 2
760 24920 23320 25480 1 2
1470 6940 1970 14900 0 2
1470 6940 1970 14900 1 2
1470 18700 1970 26660 0 2
1470 18700 1970 26660 1 2
1640 1400 22440 1960 1 2
1640 1400 22440 1960 2 2
1620 1400 22460 1960 0 2
1620 1400 22460 1960 1 2
1640 5600 22440 6160 1 2
1640 5600 22440 6160 2 2
1620 5600 22460 6160 0 2
1620 5600 22460 6160 1 2
1640 14000 22440 14560 1 2
1640 14000 22440 14560 2 2
1620 14000 22460 14560 0 2
1620 14000 22460 14560 1 2
1640 17360 22440 17920 1 2
1640 17360 22440 17920 2 2
1620 17360 22460 17920 0 2
1620 17360 22460 17920 1 2
1640 25760 22440 26320 1 2
1640 25760 22440 26320 2 2
1620 25760 22460 26320 0 2
1620 25760 22460 26320 1 2
2330 220 2830 3140 0 2
2330 220 2830 3140 1 2
2330 4420 2830 7340 0 2
2330 4420 2830 7340 1 2
2330 6940 2830 14900 0 2
2330 6940 2830 14900 1 2
2330 16180 2830 19100 0 2
2330 16180 2830 19100 1 2
2330 18700 2830 26660 0 2
2330 18700 2830 26660 1 2
3190 6940 3690 14900 0 2
3190 6940 3690 14900 1 2
3190 18700 3690 26660 0 2
3190 18700 3690 26660 1 2
4050 220 4550 3140 0 2
4050 220 4550 3140 1 2
4050 4420 4550 7340 0 2
4050 4420 4550 7340 1 2
4050 6940 4550 14900 0 2
4050 6940 4550 14900 1 2
4050 16180 4550 19100 0 2
4050 16180 4550 19100 1 2
4050 18700 4550 26660 0 2
4050 18700 4550 26660 1 2
4910 6940 5410 14900 0 2
4910 6940 5410 14900 1 2
4910 18700 5410 26660 0 2
4910 18700 5410 26660 1 2
5770 220 6270 3140 0 2
5770 220 6270 3140 1 2
5770 4420 6270 7340 0 2
5770 4420 6270 7340 1 2
5770 6940 6270 14900 0 2
5770 6940 6270 14900 1 2
5770 16180 6270 19100 0 2
5770 16180 6270 19100 1 2
5770 18700 6270 26660 0 2
5770 18700 6270 26660 1 2
6630 6940 7130 14900 0 2
6630 6940 7130 14900 1 2
6630 18700 7130 26660 0 2
6630 18700 7130 26660 1 2
7490 220 7990 3140 0 2
7490 220 7990 3140 1 2
7490 4420 7990 7340 0 2
7490 4420 7990 7340 1 2
7490 6940 7990 14900 0 2
7490 6940 7990 14900 1 2
7490 16180 7990 19100 0 2
7490 16180 7990 19100 1 2
7490 18700 7990 26660 0 2
7490 18700 7990 26660 1 2
8350 6940 8850 14900 0 2
8350 6940 8850 14900 1 2
8350 18700 8850 26660 0 2
8350 18700 8850 26660 1 2
9210 220 9710 3140 0 2
9210 220 9710 3140 1 2
9210 4420 9710 7340 0 2
9210 4420 9710 7340 1 2
9210 6940 9710 14900 0 2
9210 6940 9710 14900 1 2
9210 16180 9710 19100 0 2
9210 16180 9710 19100 1 2
9210 18700 9710 26660 0 2
9210 18700 9710 26660 1 2
9380 27440 12980 28000 1 2
9380 27440 12980 28000 2 2
9360 27440 13000 28000 0 2
9360 27440 13000 28000 1 2
9380 35840 12980 36400 1 2
9380 35840 12980 36400 2 2
9360 35840 13000 36400 0 2
9360 35840 13000 36400 1 2
10070 6940 10570 14900 0 2
10070 6940 10570 14900 1 2
10070 18700 10570 26660 0 2
10070 18700 10570 26660 1 2
10240 28280 13840 28840 1 2
10240 28280 13840 28840 2 2
10220 28280 13860 28840 0 2
10220 28280 13860 28840 1 2
10240 40040 13840 40600 1 2
10240 40040 13840 40600 2 2
10220 40040 13860 40600 0 2
10220 40040 13860 40600 1 2
10260 27440 12100 28000 1 2
10260 27440 12100 28000 2 2
10240 27440 12120 28000 0 2
10240 27440 12120 28000 1 2
10900 13310 11460 27010 2 2
10900 13310 11460 27010 3 2
10900 13360 11460 26960 1 2
10900 13360 11460 26960 2 2
10900 25390 11460 28370 2 2
10900 25390 11460 28370 3 2
10900 25440 11460 28320 1 2
10900 25440 11460 28320 2 2
10900 26750 11460 28690 2 2
10900 26750 11460 28690 3 2
10900 26800 11460 28640 1 2
10900 26800 11460 28640 2 2
10930 220 11430 3140 0 2
10930 220 11430 3140 1 2
10930 4420 11430 7340 0 2
10930 4420 11430 7340 1 2
10930 6940 11430 14900 0 2
10930 6940 11430 14900 1 2
10930 16180 11430 19100 0 2
10930 16180 11430 19100 1 2
10930 18700 11430 26660 0 2
10930 18700 11430 26660 1 2
10930 27100 11430 35060 0 2
10930 27100 11430 35060 1 2
11120 14840 12960 15400 1 2
11120 14840 12960 15400 2 2
11100 14840 12980 15400 0 2
11100 14840 12980 15400 1 2
11120 35840 12960 36400 1 2
11120 35840 12960 36400 2 2
11100 35840 12980 36400 0 2
11100 35840 12980 36400 1 2
11760 4910 12320 18610 2 2
11760 4910 12320 18610 3 2
11760 4960 12320 18560 1 2
11760 4960 12320 18560 2 2
11760 14100 12320 16140 2 2
11760 14100 12320 16140 3 2
11760 14150 12320 16090 1 2
11760 14150 12320 16090 2 2
11760 14150 12320 16090 2 2
11760 14150 12320 16090 3 2
11760 14200 12320 16040 1 2
11760 14200 12320 16040 2 2
11760 16990 12320 36770 2 2
11760 16990 12320 36770 3 2
11760 17040 12320 36720 1 2
11760 17040 12320 36720 2 2
11760 35150 12320 37090 2 2
11760 35150 12320 37090 3 2
11760 35200 12320 37040 1 2
11760 35200 12320 37040 2 2
11790 6940 12290 14900 0 2
11790 6940 12290 14900 1 2
11790 18700 12290 26660 0 2
11790 18700 12290 26660 1 2
11790 27100 12290 35060 0 2
11790 27100 12290 35060 1 2
11790 34660 12290 37580 0 2
11790 34660 12290 37580 1 2
11790 38860 12290 41780 0 2
11790 38860 12290 41780 1 2
11440 14840 32420 15400 1 2
11440 14840 32420 15400 2 2
11420 14840 32440 15400 0 2
11420 14840 32440 15400 1 2
11980 29120 13820 29680 1 2
11980 29120 13820 29680 2 2
11960 29120 13840 29680 0 2
11960 29120 13840 29680 1 2
12620 27590 13180 41290 2 2
12620 27590 13180 41290 3 2
12620 27640 13180 41240 1 2
12620 27640 13180 41240 2 2
12620 28380 13180 30420 2 2
12620 28380 13180 30420 3 2
12620 28430 13180 30370 1 2
12620 28430 13180 30370 2 2
12620 28430 13180 30370 2 2
12620 28430 13180 30370 3 2
12620 28480 13180 30320 1 2
12620 28480 13180 30320 2 2
12650 220 13150 3140 0 2
12650 220 13150 3140 1 2
12650 4420 13150 7340 0 2
12650 4420 13150 7340 1 2
12650 6940 13150 14900 0 2
12650 6940 13150 14900 1 2
12650 16180 13150 19100 0 2
12650 16180 13150 19100 1 2
12650 18700 13150 26660 0 2
12650 18700 13150 26660 1 2
12650 27100 13150 35060 0 2
12650 27100 13150 35060 1 2
12300 29120 30700 29680 1 2
12300 29120 30700 29680 2 2
12280 29120 30720 29680 0 2
12280 29120 30720 29680 1 2
13510 6940 14010 14900 0 2
13510 6940 14010 14900 1 2
13510 18700 14010 26660 0 2
13510 18700 14010 26660 1 2
14370 220 14870 3140 0 2
14370 220 14870 3140 1 2
14370 4420 14870 7340 0 2
14370 4420 14870 7340 1 2
14370 6940 14870 14900 0 2
14370 6940 14870 14900 1 2
14370 16180 14870 19100 0 2
14370 16180 14870 19100 1 2
14370 18700 14870 26660 0 2
14370 18700 14870 26660 1 2
15230 6940 15730 14900 0 2
15230 6940 15730 14900 1 2
15230 18700 15730 26660 0 2
15230 18700 15730 26660 1 2
16090 220 16590 3140 0 2
16090 220 16590 3140 1 2
16090 4420 16590 7340 0 2
16090 4420 16590 7340 1 2
16090 6940 16590 14900 0 2
16090 6940 16590 14900 1 2
16090 16180 16590 19100 0 2
16090 16180 16590 19100 1 2
16090 18700 16590 26660 0 2
16090 18700 16590 26660 1 2
16950 6940 17450 14900 0 2
16950 6940 17450 14900 1 2
16950 18700 17450 26660 0 2
16950 18700 17450 26660 1 2
17810 220 18310 3140 0 2
17810 220 18310 3140 1 2
17810 4420 18310 7340 0 2
17810 4420 18310 7340 1 2
17810 6940 18310 14900 0 2
17810 6940 18310 14900 1 2
17810 16180 18310 19100 0 2
17810 16180 18310 19100 1 2
17810 18700 18310 26660 0 2
17810 18700 18310 26660 1 2
18670 6940 19170 14900 0 2
18670 6940 19170 14900 1 2
18670 18700 19170 26660 0 2
18670 18700 19170 26660 1 2
19530 220 20030 3140 0 2
19530 220 20030 3140 1 2
19530 4420 20030 7340 0 2
19530 4420 20030 7340 1 2
19530 6940 20030 14900 0 2
19530 6940 20030 14900 1 2
19530 16180 20030 19100 0 2
19530 16180 20030 19100 1 2
19530 18700 20030 26660 0 2
19530 18700 20030 26660 1 2
20390 6940 20890 14900 0 2
20390 6940 20890 14900 1 2
20390 18700 20890 26660 0 2
20390 18700 20890 26660 1 2
21250 220 21750 3140 0 2
21250 220 21750 3140 1 2
21250 4420 21750 7340 0 2
21250 4420 21750 7340 1 2
21250 6940 21750 14900 0 2
21250 6940 21750 14900 1 2
21250 16180 21750 19100 0 2
21250 16180 21750 19100 1 2
21250 18700 21750 26660 0 2
21250 18700 21750 26660 1 2
22110 6940 22610 14900 0 2
22110 6940 22610 14900 1 2
22110 18700 22610 26660 0 2
22110 18700 22610 26660 1 2
24860 13160 37060 13720 1 2
24860 13160 37060 13720 2 2
24840 13160 37080 13720 0 2
24840 13160 37080 13720 1 2
24860 24920 37060 25480 1 2
24860 24920 37060 25480 2 2
24840 24920 37080 25480 0 2
24840 24920 37080 25480 1 2
25550 6940 26050 14900 0 2
25550 6940 26050 14900 1 2
25550 18700 26050 26660 0 2
25550 18700 26050 26660 1 2
25720 1400 36200 1960 1 2
25720 1400 36200 1960 2 2
25700 1400 36220 1960 0 2
25700 1400 36220 1960 1 2
25720 5600 36200 6160 1 2
25720 5600 36200 6160 2 2
25700 5600 36220 6160 0 2
25700 5600 36220 6160 1 2
25720 14000 36200 14560 1 2
25720 14000 36200 14560 2 2
25700 14000 36220 14560 0 2
25700 14000 36220 14560 1 2
25720 17360 36200 17920 1 2
25720 17360 36200 17920 2 2
25700 17360 36220 17920 0 2
25700 17360 36220 17920 1 2
25720 25760 36200 26320 1 2
25720 25760 36200 26320 2 2
25700 25760 36220 26320 0 2
25700 25760 36220 26320 1 2
26410 220 26910 3140 0 2
26410 220 26910 3140 1 2
26410 4420 26910 7340 0 2
26410 4420 26910 7340 1 2
26410 6940 26910 14900 0 2
26410 6940 26910 14900 1 2
26410 16180 26910 19100 0 2
26410 16180 26910 19100 1 2
26410 18700 26910 26660 0 2
26410 18700 26910 26660 1 2
27270 6940 27770 14900 0 2
27270 6940 27770 14900 1 2
27270 18700 27770 26660 0 2
27270 18700 27770 26660 1 2
28130 220 28630 3140 0 2
28130 220 28630 3140 1 2
28130 4420 28630 7340 0 2
28130 4420 28630 7340 1 2
28130 6940 28630 14900 0 2
28130 6940 28630 14900 1 2
28130 16180 28630 19100 0 2
28130 16180 28630 19100 1 2
28130 18700 28630 26660 0 2
28130 18700 28630 26660 1 2
28990 6940 29490 14900 0 2
28990 6940 29490 14900 1 2
28990 18700 29490 26660 0 2
28990 18700 29490 26660 1 2
29160 28280 32760 28840 1 2
29160 28280 32760 28840 2 2
29140 28280 32780 28840 0 2
29140 28280 32780 28840 1 2
29160 40040 32760 40600 1 2
29160 40040 32760 40600 2 2
29140 40040 32780 40600 0 2
29140 40040 32780 40600 1 2
29180 29120 31020 29680 1 2
29180 29120 31020 29680 2 2
29160 29120 31040 29680 0 2
29160 29120 31040 29680 1 2
29820 27590 30380 41290 2 2
29820 27590 30380 41290 3 2
29820 27640 30380 41240 1 2
29820 27640 30380 41240 2 2
29820 28380 30380 30420 2 2
29820 28380 30380 30420 3 2
29820 28430 30380 30370 1 2
29820 28430 30380 30370 2 2
29820 28430 30380 30370 2 2
29820 28430 30380 30370 3 2
29820 28480 30380 30320 1 2
29820 28480 30380 30320 2 2
29850 220 30350 3140 0 2
29850 220 30350 3140 1 2
29850 4420 30350 7340 0 2
29850 4420 30350 7340 1 2
29850 6940 30350 14900 0 2
29850 6940 30350 14900 1 2
29850 16180 30350 19100 0 2
29850 16180 30350 19100 1 2
29850 18700 30350 26660 0 2
29850 18700 30350 26660 1 2
29850 27100 30350 35060 0 2
29850 27100 30350 35060 1 2
30020 27440 33620 28000 1 2
30020 27440 33620 28000 2 2
30000 27440 33640 28000 0 2
30000 27440 33640 28000 1 2
30020 35840 33620 36400 1 2
30020 35840 33620 36400 2 2
30000 35840 33640 36400 0 2
30000 35840 33640 36400 1 2
30040 35840 31880 36400 1 2
30040 35840 31880 36400 2 2
30020 35840 31900 36400 0 2
30020 35840 31900 36400 1 2
30680 4910 31240 18610 2 2
30680 4910 31240 18610 3 2
30680 4960 31240 18560 1 2
30680 4960 31240 18560 2 2
30680 16990 31240 36770 2 2
30680 16990 31240 36770 3 2
30680 17040 31240 36720 1 2
30680 17040 31240 36720 2 2
30680 35150 31240 37090 2 2
30680 35150 31240 37090 3 2
30680 35200 31240 37040 1 2
30680 35200 31240 37040 2 2
30710 6940 31210 14900 0 2
30710 6940 31210 14900 1 2
30710 18700 31210 26660 0 2
30710 18700 31210 26660 1 2
30710 27100 31210 35060 0 2
30710 27100 31210 35060 1 2
30710 34660 31210 37580 0 2
30710 34660 31210 37580 1 2
30710 38860 31210 41780 0 2
30710 38860 31210 41780 1 2
30900 14840 32740 15400 1 2
30900 14840 32740 15400 2 2
30880 14840 32760 15400 0 2
30880 14840 32760 15400 1 2
30900 27440 32740 28000 1 2
30900 27440 32740 28000 2 2
30880 27440 32760 28000 0 2
30880 27440 32760 28000 1 2
31540 13310 32100 27010 2 2
31540 13310 32100 27010 3 2
31540 13360 32100 26960 1 2
31540 13360 32100 26960 2 2
31540 14100 32100 16140 2 2
31540 14100 32100 16140 3 2
31540 14150 32100 16090 1 2
31540 14150 32100 16090 2 2
31540 14150 32100 16090 2 2
31540 14150 32100 16090 3 2
31540 14200 32100 16040 1 2
31540 14200 32100 16040 2 2
31540 25390 32100 28370 2 2
31540 25390 32100 28370 3 2
31540 25440 32100 28320 1 2
31540 25440 32100 28320 2 2
31540 26750 32100 28690 2 2
31540 26750 32100 28690 3 2
31540 26800 32100 28640 1 2
31540 26800 32100 28640 2 2
31570 220 32070 3140 0 2
31570 220 32070 3140 1 2
31570 4420 32070 7340 0 2
31570 4420 32070 7340 1 2
31570 6940 32070 14900 0 2
31570 6940 32070 14900 1 2
31570 16180 32070 19100 0 2
31570 16180 32070 19100 1 2
31570 18700 32070 26660 0 2
31570 18700 32070 26660 1 2
31570 27100 32070 35060 0 2
31570 27100 32070 35060 1 2
32430 6940 32930 14900 0 2
32430 6940 32930 14900 1 2
32430 18700 32930 26660 0 2
32430 18700 32930 26660 1 2
33290 220 33790 3140 0 2
33290 220 33790 3140 1 2
33290 4420 33790 7340 0 2
33290 4420 33790 7340 1 2
33290 6940 33790 14900 0 2
33290 6940 33790 14900 1 2
33290 16180 33790 19100 0 2
33290 16180 33790 19100 1 2
33290 18700 33790 26660 0 2
33290 18700 33790 26660 1 2
34150 6940 34650 14900 0 2
34150 6940 34650 14900 1 2
34150 18700 34650 26660 0 2
34150 18700 34650 26660 1 2
35010 220 35510 3140 0 2
35010 220 35510 3140 1 2
35010 4420 35510 7340 0 2
35010 4420 35510 7340 1 2
35010 6940 35510 14900 0 2
35010 6940 35510 14900 1 2
35010 16180 35510 19100 0 2
35010 16180 35510 19100 1 2
35010 18700 35510 26660 0 2
35010 18700 35510 26660 1 2
35870 6940 36370 14900 0 2
35870 6940 36370 14900 1 2
35870 18700 36370 26660 0 2
35870 18700 36370 26660 1 2
