1000 12720 2440 14160 0 2
1000 24480 2440 25920 0 2
1860 960 3300 2400 0 2
1860 5160 3300 6600 0 2
1860 13560 3300 15000 0 2
1860 16920 3300 18360 0 2
1860 25320 3300 26760 0 2
2720 12720 4160 14160 0 2
2720 24480 4160 25920 0 2
3580 960 5020 2400 0 2
3580 5160 5020 6600 0 2
3580 13560 5020 15000 0 2
3580 16920 5020 18360 0 2
3580 25320 5020 26760 0 2
4440 12720 5880 14160 0 2
4440 24480 5880 25920 0 2
5300 960 6740 2400 0 2
5300 5160 6740 6600 0 2
5300 13560 6740 15000 0 2
5300 16920 6740 18360 0 2
5300 25320 6740 26760 0 2
6160 12720 7600 14160 0 2
6160 24480 7600 25920 0 2
7020 960 8460 2400 0 2
7020 5160 8460 6600 0 2
7020 13560 8460 15000 0 2
7020 16920 8460 18360 0 2
7020 25320 8460 26760 0 2
7880 12720 9320 14160 0 2
7880 24480 9320 25920 0 2
8740 960 10180 2400 0 2
8740 5160 10180 6600 0 2
8740 13560 10180 15000 0 2
8740 16920 10180 18360 0 2
8740 25320 10180 26760 0 2
9600 12720 11040 14160 0 2
9600 24480 11040 25920 0 2
10460 960 11900 2400 0 2
10460 5160 11900 6600 0 2
10460 13560 11900 15000 0 2
10460 16920 11900 18360 0 2
10460 25320 11900 26760 0 2
10460 27840 11900 29280 0 2
11320 12720 12760 14160 0 2
11320 24480 12760 25920 0 2
11320 27000 12760 28440 0 2
11320 35400 12760 36840 0 2
11320 39600 12760 41040 0 2
12180 960 13620 2400 0 2
12180 5160 13620 6600 0 2
12180 13560 13620 15000 0 2
12180 16920 13620 18360 0 2
12180 25320 13620 26760 0 2
12180 27840 13620 29280 0 2
13040 12720 14480 14160 0 2
13040 24480 14480 25920 0 2
13900 960 15340 2400 0 2
13900 5160 15340 6600 0 2
13900 13560 15340 15000 0 2
13900 16920 15340 18360 0 2
13900 25320 15340 26760 0 2
14760 12720 16200 14160 0 2
14760 24480 16200 25920 0 2
15620 960 17060 2400 0 2
15620 5160 17060 6600 0 2
15620 13560 17060 15000 0 2
15620 16920 17060 18360 0 2
15620 25320 17060 26760 0 2
16480 12720 17920 14160 0 2
16480 24480 17920 25920 0 2
17340 960 18780 2400 0 2
17340 5160 18780 6600 0 2
17340 13560 18780 15000 0 2
17340 16920 18780 18360 0 2
17340 25320 18780 26760 0 2
18200 12720 19640 14160 0 2
18200 24480 19640 25920 0 2
19060 960 20500 2400 0 2
19060 5160 20500 6600 0 2
19060 13560 20500 15000 0 2
19060 16920 20500 18360 0 2
19060 25320 20500 26760 0 2
19920 12720 21360 14160 0 2
19920 24480 21360 25920 0 2
20780 960 22220 2400 0 2
20780 5160 22220 6600 0 2
20780 13560 22220 15000 0 2
20780 16920 22220 18360 0 2
20780 25320 22220 26760 0 2
21640 12720 23080 14160 0 2
21640 24480 23080 25920 0 2
25080 12720 26520 14160 0 2
25080 24480 26520 25920 0 2
25940 960 27380 2400 0 2
25940 5160 27380 6600 0 2
25940 13560 27380 15000 0 2
25940 16920 27380 18360 0 2
25940 25320 27380 26760 0 2
26800 12720 28240 14160 0 2
26800 24480 28240 25920 0 2
27660 960 29100 2400 0 2
27660 5160 29100 6600 0 2
27660 13560 29100 15000 0 2
27660 16920 29100 18360 0 2
27660 25320 29100 26760 0 2
28520 12720 29960 14160 0 2
28520 24480 29960 25920 0 2
29380 960 30820 2400 0 2
29380 5160 30820 6600 0 2
29380 13560 30820 15000 0 2
29380 16920 30820 18360 0 2
29380 25320 30820 26760 0 2
29380 27840 30820 29280 0 2
30240 12720 31680 14160 0 2
30240 24480 31680 25920 0 2
30240 27000 31680 28440 0 2
30240 35400 31680 36840 0 2
30240 39600 31680 41040 0 2
31100 960 32540 2400 0 2
31100 5160 32540 6600 0 2
31100 13560 32540 15000 0 2
31100 16920 32540 18360 0 2
31100 25320 32540 26760 0 2
31100 27840 32540 29280 0 2
31960 12720 33400 14160 0 2
31960 24480 33400 25920 0 2
32820 960 34260 2400 0 2
32820 5160 34260 6600 0 2
32820 13560 34260 15000 0 2
32820 16920 34260 18360 0 2
32820 25320 34260 26760 0 2
33680 12720 35120 14160 0 2
33680 24480 35120 25920 0 2
34540 960 35980 2400 0 2
34540 5160 35980 6600 0 2
34540 13560 35980 15000 0 2
34540 16920 35980 18360 0 2
34540 25320 35980 26760 0 2
35400 12720 36840 14160 0 2
35400 24480 36840 25920 0 2
10540 13640 11820 14920 1 2
10540 25400 11820 26680 1 2
10540 27080 11820 28360 1 2
11400 5240 12680 6520 1 2
11400 14480 12680 15760 1 2
11400 17000 12680 18280 1 2
11400 35480 12680 36760 1 2
12260 1040 13540 2320 1 2
12260 12800 13540 14080 1 2
12260 24560 13540 25840 1 2
12260 27920 13540 29200 1 2
12260 28760 13540 30040 1 2
12260 39680 13540 40960 1 2
29460 1040 30740 2320 1 2
29460 12800 30740 14080 1 2
29460 24560 30740 25840 1 2
29460 27920 30740 29200 1 2
29460 28760 30740 30040 1 2
29460 39680 30740 40960 1 2
30320 5240 31600 6520 1 2
30320 17000 31600 18280 1 2
30320 35480 31600 36760 1 2
31180 13640 32460 14920 1 2
31180 14480 32460 15760 1 2
31180 25400 32460 26680 1 2
31180 27080 32460 28360 1 2
