38620 17360 50820 17920 1 2
38620 17360 50820 17920 2 2
38600 17360 50840 17920 0 2
38600 17360 50840 17920 1 2
39310 11140 39810 19100 0 2
39310 11140 39810 19100 1 2
39480 5600 49960 6160 1 2
39480 5600 49960 6160 2 2
39460 5600 49980 6160 0 2
39460 5600 49980 6160 1 2
39480 9800 49960 10360 1 2
39480 9800 49960 10360 2 2
39460 9800 49980 10360 0 2
39460 9800 49980 10360 1 2
39480 18200 49960 18760 1 2
39480 18200 49960 18760 2 2
39460 18200 49980 18760 0 2
39460 18200 49980 18760 1 2
40170 4420 40670 7340 0 2
40170 4420 40670 7340 1 2
40170 8620 40670 11540 0 2
40170 8620 40670 11540 1 2
40170 11140 40670 19100 0 2
40170 11140 40670 19100 1 2
41030 11140 41530 19100 0 2
41030 11140 41530 19100 1 2
41890 4420 42390 7340 0 2
41890 4420 42390 7340 1 2
41890 8620 42390 11540 0 2
41890 8620 42390 11540 1 2
41890 11140 42390 19100 0 2
41890 11140 42390 19100 1 2
42060 19880 45660 20440 1 2
42060 19880 45660 20440 2 2
42040 19880 45680 20440 0 2
42040 19880 45680 20440 1 2
42060 28280 45660 28840 1 2
42060 28280 45660 28840 2 2
42040 28280 45680 28840 0 2
42040 28280 45680 28840 1 2
42080 9800 43920 10360 1 2
42080 9800 43920 10360 2 2
42060 9800 43940 10360 0 2
42060 9800 43940 10360 1 2
42080 19040 43920 19600 1 2
42080 19040 43920 19600 2 2
42060 19040 43940 19600 0 2
42060 19040 43940 19600 1 2
42080 28280 43920 28840 1 2
42080 28280 43920 28840 2 2
42060 28280 43940 28840 0 2
42060 28280 43940 28840 1 2
42720 9110 43280 11050 2 2
42720 9110 43280 11050 3 2
42720 9160 43280 11000 1 2
42720 9160 43280 11000 2 2
42720 9430 43280 29210 2 2
42720 9430 43280 29210 3 2
42720 9480 43280 29160 1 2
42720 9480 43280 29160 2 2
42720 18300 43280 20340 2 2
42720 18300 43280 20340 3 2
42720 18350 43280 20290 1 2
42720 18350 43280 20290 2 2
42720 18350 43280 20290 2 2
42720 18350 43280 20290 3 2
42720 18400 43280 20240 1 2
42720 18400 43280 20240 2 2
42720 27590 43280 29530 2 2
42720 27590 43280 29530 3 2
42720 27640 43280 29480 1 2
42720 27640 43280 29480 2 2
42750 11140 43250 19100 0 2
42750 11140 43250 19100 1 2
42400 19040 53060 19600 1 2
42400 19040 53060 19600 2 2
42380 19040 53080 19600 0 2
42380 19040 53080 19600 1 2
42920 20720 46520 21280 1 2
42920 20720 46520 21280 2 2
42900 20720 46540 21280 0 2
42900 20720 46540 21280 1 2
42920 32480 46520 33040 1 2
42920 32480 46520 33040 2 2
42900 32480 46540 33040 0 2
42900 32480 46540 33040 1 2
42940 18200 44780 18760 1 2
42940 18200 44780 18760 2 2
42920 18200 44800 18760 0 2
42920 18200 44800 18760 1 2
42940 19880 44780 20440 1 2
42940 19880 44780 20440 2 2
42920 19880 44800 20440 0 2
42920 19880 44800 20440 1 2
43580 17510 44140 19450 2 2
43580 17510 44140 19450 3 2
43580 17560 44140 19400 1 2
43580 17560 44140 19400 2 2
43580 17830 44140 20810 2 2
43580 17830 44140 20810 3 2
43580 17880 44140 20760 1 2
43580 17880 44140 20760 2 2
43580 19190 44140 21130 2 2
43580 19190 44140 21130 3 2
43580 19240 44140 21080 1 2
43580 19240 44140 21080 2 2
43610 4420 44110 7340 0 2
43610 4420 44110 7340 1 2
43610 8620 44110 11540 0 2
43610 8620 44110 11540 1 2
43610 11140 44110 19100 0 2
43610 11140 44110 19100 1 2
43610 19540 44110 27500 0 2
43610 19540 44110 27500 1 2
44470 11140 44970 19100 0 2
44470 11140 44970 19100 1 2
44470 19540 44970 27500 0 2
44470 19540 44970 27500 1 2
44470 27100 44970 30020 0 2
44470 27100 44970 30020 1 2
44470 31300 44970 34220 0 2
44470 31300 44970 34220 1 2
44660 21560 46500 22120 1 2
44660 21560 46500 22120 2 2
44640 21560 46520 22120 0 2
44640 21560 46520 22120 1 2
45300 20030 45860 33730 2 2
45300 20030 45860 33730 3 2
45300 20080 45860 33680 1 2
45300 20080 45860 33680 2 2
45300 20820 45860 22860 2 2
45300 20820 45860 22860 3 2
45300 20870 45860 22810 1 2
45300 20870 45860 22810 2 2
45300 20870 45860 22810 2 2
45300 20870 45860 22810 3 2
45300 20920 45860 22760 1 2
45300 20920 45860 22760 2 2
45330 4420 45830 7340 0 2
45330 4420 45830 7340 1 2
45330 8620 45830 11540 0 2
45330 8620 45830 11540 1 2
45330 11140 45830 19100 0 2
45330 11140 45830 19100 1 2
45330 19540 45830 27500 0 2
45330 19540 45830 27500 1 2
44980 21560 55640 22120 1 2
44980 21560 55640 22120 2 2
44960 21560 55660 22120 0 2
44960 21560 55660 22120 1 2
46190 11140 46690 19100 0 2
46190 11140 46690 19100 1 2
47050 4420 47550 7340 0 2
47050 4420 47550 7340 1 2
47050 8620 47550 11540 0 2
47050 8620 47550 11540 1 2
47050 11140 47550 19100 0 2
47050 11140 47550 19100 1 2
47910 11140 48410 19100 0 2
47910 11140 48410 19100 1 2
48770 4420 49270 7340 0 2
48770 4420 49270 7340 1 2
48770 8620 49270 11540 0 2
48770 8620 49270 11540 1 2
48770 11140 49270 19100 0 2
48770 11140 49270 19100 1 2
49630 11140 50130 19100 0 2
49630 11140 50130 19100 1 2
51520 18200 53400 18760 1 2
51520 18200 53400 18760 2 2
51500 18200 53420 18760 0 2
51500 18200 53420 18760 1 2
51520 19040 53400 19600 1 2
51520 19040 53400 19600 2 2
51500 19040 53420 19600 0 2
51500 19040 53420 19600 1 2
52210 17860 52710 19100 0 2
52210 17860 52710 19100 1 2
52210 18030 52710 19770 0 2
52210 18030 52710 19770 1 2
52210 18700 52710 19940 0 2
52210 18700 52710 19940 1 2
51860 18200 54780 18760 1 2
51860 18200 54780 18760 2 2
51840 18200 54800 18760 0 2
51840 18200 54800 18760 1 2
52380 17360 59420 17920 1 2
52380 17360 59420 17920 2 2
52360 17360 59440 17920 0 2
52360 17360 59440 17920 1 2
53070 11140 53570 19100 0 2
53070 11140 53570 19100 1 2
53240 5600 58560 6160 1 2
53240 5600 58560 6160 2 2
53220 5600 58580 6160 0 2
53220 5600 58580 6160 1 2
53240 9800 58560 10360 1 2
53240 9800 58560 10360 2 2
53220 9800 58580 10360 0 2
53220 9800 58580 10360 1 2
53240 18200 58560 18760 1 2
53240 18200 58560 18760 2 2
53220 18200 58580 18760 0 2
53220 18200 58580 18760 1 2
53930 4420 54430 7340 0 2
53930 4420 54430 7340 1 2
53930 8620 54430 11540 0 2
53930 8620 54430 11540 1 2
53930 11140 54430 19100 0 2
53930 11140 54430 19100 1 2
54100 20720 57700 21280 1 2
54100 20720 57700 21280 2 2
54080 20720 57720 21280 0 2
54080 20720 57720 21280 1 2
54100 32480 57700 33040 1 2
54100 32480 57700 33040 2 2
54080 32480 57720 33040 0 2
54080 32480 57720 33040 1 2
54120 21560 55960 22120 1 2
54120 21560 55960 22120 2 2
54100 21560 55980 22120 0 2
54100 21560 55980 22120 1 2
54760 20030 55320 33730 2 2
54760 20030 55320 33730 3 2
54760 20080 55320 33680 1 2
54760 20080 55320 33680 2 2
54760 20820 55320 22860 2 2
54760 20820 55320 22860 3 2
54760 20870 55320 22810 1 2
54760 20870 55320 22810 2 2
54760 20870 55320 22810 2 2
54760 20870 55320 22810 3 2
54760 20920 55320 22760 1 2
54760 20920 55320 22760 2 2
54790 11140 55290 19100 0 2
54790 11140 55290 19100 1 2
54790 19540 55290 27500 0 2
54790 19540 55290 27500 1 2
54960 19880 58560 20440 1 2
54960 19880 58560 20440 2 2
54940 19880 58580 20440 0 2
54940 19880 58580 20440 1 2
54960 28280 58560 28840 1 2
54960 28280 58560 28840 2 2
54940 28280 58580 28840 0 2
54940 28280 58580 28840 1 2
54980 18200 56820 18760 1 2
54980 18200 56820 18760 2 2
54960 18200 56840 18760 0 2
54960 18200 56840 18760 1 2
54980 19880 56820 20440 1 2
54980 19880 56820 20440 2 2
54960 19880 56840 20440 0 2
54960 19880 56840 20440 1 2
55620 17510 56180 19450 2 2
55620 17510 56180 19450 3 2
55620 17560 56180 19400 1 2
55620 17560 56180 19400 2 2
55620 17830 56180 20810 2 2
55620 17830 56180 20810 3 2
55620 17880 56180 20760 1 2
55620 17880 56180 20760 2 2
55620 19190 56180 21130 2 2
55620 19190 56180 21130 3 2
55620 19240 56180 21080 1 2
55620 19240 56180 21080 2 2
55650 4420 56150 7340 0 2
55650 4420 56150 7340 1 2
55650 8620 56150 11540 0 2
55650 8620 56150 11540 1 2
55650 11140 56150 19100 0 2
55650 11140 56150 19100 1 2
55650 19540 56150 27500 0 2
55650 19540 56150 27500 1 2
55650 27100 56150 30020 0 2
55650 27100 56150 30020 1 2
55650 31300 56150 34220 0 2
55650 31300 56150 34220 1 2
55840 9800 57680 10360 1 2
55840 9800 57680 10360 2 2
55820 9800 57700 10360 0 2
55820 9800 57700 10360 1 2
55840 28280 57680 28840 1 2
55840 28280 57680 28840 2 2
55820 28280 57700 28840 0 2
55820 28280 57700 28840 1 2
56480 9110 57040 11050 2 2
56480 9110 57040 11050 3 2
56480 9160 57040 11000 1 2
56480 9160 57040 11000 2 2
56480 9430 57040 29210 2 2
56480 9430 57040 29210 3 2
56480 9480 57040 29160 1 2
56480 9480 57040 29160 2 2
56480 27590 57040 29530 2 2
56480 27590 57040 29530 3 2
56480 27640 57040 29480 1 2
56480 27640 57040 29480 2 2
56510 11140 57010 19100 0 2
56510 11140 57010 19100 1 2
56510 19540 57010 27500 0 2
56510 19540 57010 27500 1 2
57370 4420 57870 7340 0 2
57370 4420 57870 7340 1 2
57370 8620 57870 11540 0 2
57370 8620 57870 11540 1 2
57370 11140 57870 19100 0 2
57370 11140 57870 19100 1 2
58230 11140 58730 19100 0 2
58230 11140 58730 19100 1 2
