-80 560 3520 1120 1 2
-80 560 3520 1120 2 2
-100 560 3540 1120 0 2
-100 560 3540 1120 1 2
-80 8960 3520 9520 1 2
-80 8960 3520 9520 2 2
-100 8960 3540 9520 0 2
-100 8960 3540 9520 1 2
-80 15680 3520 16240 1 2
-80 15680 3520 16240 2 2
-100 15680 3540 16240 0 2
-100 15680 3540 16240 1 2
-80 24080 3520 24640 1 2
-80 24080 3520 24640 2 2
-100 24080 3540 24640 0 2
-100 24080 3540 24640 1 2
780 1400 4380 1960 1 2
780 1400 4380 1960 2 2
760 1400 4400 1960 0 2
760 1400 4400 1960 1 2
780 13160 4380 13720 1 2
780 13160 4380 13720 2 2
760 13160 4400 13720 0 2
760 13160 4400 13720 1 2
780 16520 4380 17080 1 2
780 16520 4380 17080 2 2
760 16520 4400 17080 0 2
760 16520 4400 17080 1 2
780 28280 4380 28840 1 2
780 28280 4380 28840 2 2
760 28280 4400 28840 0 2
760 28280 4400 28840 1 2
1470 220 1970 8180 0 2
1470 220 1970 8180 1 2
1470 15340 1970 23300 0 2
1470 15340 1970 23300 1 2
2300 -130 2860 10210 2 2
2300 -130 2860 10210 3 2
2300 -80 2860 10160 1 2
2300 -80 2860 10160 2 2
2300 14990 2860 25330 2 2
2300 14990 2860 25330 3 2
2300 15040 2860 25280 1 2
2300 15040 2860 25280 2 2
2330 220 2830 8180 0 2
2330 220 2830 8180 1 2
2330 7780 2830 10700 0 2
2330 7780 2830 10700 1 2
2330 11980 2830 14900 0 2
2330 11980 2830 14900 1 2
2330 15340 2830 23300 0 2
2330 15340 2830 23300 1 2
2330 22900 2830 25820 0 2
2330 22900 2830 25820 1 2
2330 27100 2830 30020 0 2
2330 27100 2830 30020 1 2
2520 17360 4360 17920 1 2
2520 17360 4360 17920 2 2
2500 17360 4380 17920 0 2
2500 17360 4380 17920 1 2
3160 710 3720 14410 2 2
3160 710 3720 14410 3 2
3160 760 3720 14360 1 2
3160 760 3720 14360 2 2
3160 12790 3720 17450 2 2
3160 12790 3720 17450 3 2
3160 12840 3720 17400 1 2
3160 12840 3720 17400 2 2
3160 15830 3720 29530 2 2
3160 15830 3720 29530 3 2
3160 15880 3720 29480 1 2
3160 15880 3720 29480 2 2
3160 16620 3720 18660 2 2
3160 16620 3720 18660 3 2
3160 16670 3720 18610 1 2
3160 16670 3720 18610 2 2
3160 16670 3720 18610 2 2
3160 16670 3720 18610 3 2
3160 16720 3720 18560 1 2
3160 16720 3720 18560 2 2
3190 220 3690 8180 0 2
3190 220 3690 8180 1 2
3190 15340 3690 23300 0 2
3190 15340 3690 23300 1 2
2840 17360 9200 17920 1 2
2840 17360 9200 17920 2 2
2820 17360 9220 17920 0 2
2820 17360 9220 17920 1 2
5080 5600 8680 6160 1 2
5080 5600 8680 6160 2 2
5060 5600 8700 6160 0 2
5060 5600 8700 6160 1 2
5080 14000 6960 14560 1 2
5080 14000 6960 14560 2 2
5060 14000 6980 14560 0 2
5060 14000 6980 14560 1 2
5080 15680 6960 16240 1 2
5080 15680 6960 16240 2 2
5060 15680 6980 16240 0 2
5060 15680 6980 16240 1 2
5080 24080 8680 24640 1 2
5080 24080 8680 24640 2 2
5060 24080 8700 24640 0 2
5060 24080 8700 24640 1 2
5100 5600 6940 6160 1 2
5100 5600 6940 6160 2 2
5080 5600 6960 6160 0 2
5080 5600 6960 6160 1 2
5100 14000 6940 14560 1 2
5100 14000 6940 14560 2 2
5080 14000 6960 14560 0 2
5080 14000 6960 14560 1 2
5100 14840 6940 15400 1 2
5100 14840 6940 15400 2 2
5080 14840 6960 15400 0 2
5080 14840 6960 15400 1 2
5100 15680 6940 16240 1 2
5100 15680 6940 16240 2 2
5080 15680 6960 16240 0 2
5080 15680 6960 16240 1 2
5100 24080 6940 24640 1 2
5100 24080 6940 24640 2 2
5080 24080 6960 24640 0 2
5080 24080 6960 24640 1 2
5740 4910 6300 6850 2 2
5740 4910 6300 6850 3 2
5740 4960 6300 6800 1 2
5740 4960 6300 6800 2 2
5740 5230 6300 25010 2 2
5740 5230 6300 25010 3 2
5740 5280 6300 24960 1 2
5740 5280 6300 24960 2 2
5740 14100 6300 16140 2 2
5740 14100 6300 16140 3 2
5740 14150 6300 16090 1 2
5740 14150 6300 16090 2 2
5740 14150 6300 16090 2 2
5740 14150 6300 16090 3 2
5740 14200 6300 16040 1 2
5740 14200 6300 16040 2 2
5740 23390 6300 25330 2 2
5740 23390 6300 25330 3 2
5740 23440 6300 25280 1 2
5740 23440 6300 25280 2 2
5770 13660 6270 14900 0 2
5770 13660 6270 14900 1 2
5770 13830 6270 16410 0 2
5770 13830 6270 16410 1 2
5770 15340 6270 16580 0 2
5770 15340 6270 16580 1 2
5420 14840 16940 15400 1 2
5420 14840 16940 15400 2 2
5400 14840 16960 15400 0 2
5400 14840 16960 15400 1 2
5940 1400 9540 1960 1 2
5940 1400 9540 1960 2 2
5920 1400 9560 1960 0 2
5920 1400 9560 1960 1 2
5940 13160 9540 13720 1 2
5940 13160 9540 13720 2 2
5920 13160 9560 13720 0 2
5920 13160 9560 13720 1 2
5940 16520 9540 17080 1 2
5940 16520 9540 17080 2 2
5920 16520 9560 17080 0 2
5920 16520 9560 17080 1 2
5940 28280 9540 28840 1 2
5940 28280 9540 28840 2 2
5920 28280 9560 28840 0 2
5920 28280 9560 28840 1 2
6630 6940 7130 14900 0 2
6630 6940 7130 14900 1 2
6630 15340 7130 23300 0 2
6630 15340 7130 23300 1 2
7490 220 7990 3140 0 2
7490 220 7990 3140 1 2
7490 4420 7990 7340 0 2
7490 4420 7990 7340 1 2
7490 6940 7990 14900 0 2
7490 6940 7990 14900 1 2
7490 15340 7990 23300 0 2
7490 15340 7990 23300 1 2
7490 22900 7990 25820 0 2
7490 22900 7990 25820 1 2
7490 27100 7990 30020 0 2
7490 27100 7990 30020 1 2
7140 14000 10060 14560 1 2
7140 14000 10060 14560 2 2
7120 14000 10080 14560 0 2
7120 14000 10080 14560 1 2
7680 2240 9520 2800 1 2
7680 2240 9520 2800 2 2
7660 2240 9540 2800 0 2
7660 2240 9540 2800 1 2
7680 17360 9520 17920 1 2
7680 17360 9520 17920 2 2
7660 17360 9540 17920 0 2
7660 17360 9540 17920 1 2
8320 710 8880 14410 2 2
8320 710 8880 14410 3 2
8320 760 8880 14360 1 2
8320 760 8880 14360 2 2
8320 1500 8880 3540 2 2
8320 1500 8880 3540 3 2
8320 1550 8880 3490 1 2
8320 1550 8880 3490 2 2
8320 1550 8880 3490 2 2
8320 1550 8880 3490 3 2
8320 1600 8880 3440 1 2
8320 1600 8880 3440 2 2
8320 15830 8880 29530 2 2
8320 15830 8880 29530 3 2
8320 15880 8880 29480 1 2
8320 15880 8880 29480 2 2
8320 16620 8880 18660 2 2
8320 16620 8880 18660 3 2
8320 16670 8880 18610 1 2
8320 16670 8880 18610 2 2
8320 16670 8880 18610 2 2
8320 16670 8880 18610 3 2
8320 16720 8880 18560 1 2
8320 16720 8880 18560 2 2
8350 6940 8850 14900 0 2
8350 6940 8850 14900 1 2
8350 15340 8850 23300 0 2
8350 15340 8850 23300 1 2
8000 2240 12640 2800 1 2
8000 2240 12640 2800 2 2
7980 2240 12660 2800 0 2
7980 2240 12660 2800 1 2
8000 17360 12640 17920 1 2
8000 17360 12640 17920 2 2
7980 17360 12660 17920 0 2
7980 17360 12660 17920 1 2
8520 5600 10400 6160 1 2
8520 5600 10400 6160 2 2
8500 5600 10420 6160 0 2
8500 5600 10420 6160 1 2
8520 14000 10400 14560 1 2
8520 14000 10400 14560 2 2
8500 14000 10420 14560 0 2
8500 14000 10420 14560 1 2
8520 24080 10400 24640 1 2
8520 24080 10400 24640 2 2
8500 24080 10420 24640 0 2
8500 24080 10420 24640 1 2
9210 5260 9710 6500 0 2
9210 5260 9710 6500 1 2
9210 5430 9710 14730 0 2
9210 5430 9710 14730 1 2
9210 13660 9710 14900 0 2
9210 13660 9710 14900 1 2
9210 13830 9710 24810 0 2
9210 13830 9710 24810 1 2
9210 23740 9710 24980 0 2
9210 23740 9710 24980 1 2
8860 5600 13500 6160 1 2
8860 5600 13500 6160 2 2
8840 5600 13520 6160 0 2
8840 5600 13520 6160 1 2
8860 24080 13500 24640 1 2
8860 24080 13500 24640 2 2
8840 24080 13520 24640 0 2
8840 24080 13520 24640 1 2
11100 1400 14700 1960 1 2
11100 1400 14700 1960 2 2
11080 1400 14720 1960 0 2
11080 1400 14720 1960 1 2
11100 13160 14700 13720 1 2
11100 13160 14700 13720 2 2
11080 13160 14720 13720 0 2
11080 13160 14720 13720 1 2
11100 16520 14700 17080 1 2
11100 16520 14700 17080 2 2
11080 16520 14720 17080 0 2
11080 16520 14720 17080 1 2
11100 28280 14700 28840 1 2
11100 28280 14700 28840 2 2
11080 28280 14720 28840 0 2
11080 28280 14720 28840 1 2
11120 2240 12960 2800 1 2
11120 2240 12960 2800 2 2
11100 2240 12980 2800 0 2
11100 2240 12980 2800 1 2
11120 17360 12960 17920 1 2
11120 17360 12960 17920 2 2
11100 17360 12980 17920 0 2
11100 17360 12980 17920 1 2
11760 710 12320 14410 2 2
11760 710 12320 14410 3 2
11760 760 12320 14360 1 2
11760 760 12320 14360 2 2
11760 1500 12320 3540 2 2
11760 1500 12320 3540 3 2
11760 1550 12320 3490 1 2
11760 1550 12320 3490 2 2
11760 1550 12320 3490 2 2
11760 1550 12320 3490 3 2
11760 1600 12320 3440 1 2
11760 1600 12320 3440 2 2
11760 15830 12320 29530 2 2
11760 15830 12320 29530 3 2
11760 15880 12320 29480 1 2
11760 15880 12320 29480 2 2
11760 16620 12320 18660 2 2
11760 16620 12320 18660 3 2
11760 16670 12320 18610 1 2
11760 16670 12320 18610 2 2
11760 16670 12320 18610 2 2
11760 16670 12320 18610 3 2
11760 16720 12320 18560 1 2
11760 16720 12320 18560 2 2
11790 6940 12290 14900 0 2
11790 6940 12290 14900 1 2
11790 15340 12290 23300 0 2
11790 15340 12290 23300 1 2
11440 2240 19520 2800 1 2
11440 2240 19520 2800 2 2
11420 2240 19540 2800 0 2
11420 2240 19540 2800 1 2
11440 17360 19520 17920 1 2
11440 17360 19520 17920 2 2
11420 17360 19540 17920 0 2
11420 17360 19540 17920 1 2
11960 5600 15560 6160 1 2
11960 5600 15560 6160 2 2
11940 5600 15580 6160 0 2
11940 5600 15580 6160 1 2
11960 24080 15560 24640 1 2
11960 24080 15560 24640 2 2
11940 24080 15580 24640 0 2
11940 24080 15580 24640 1 2
12650 220 13150 3140 0 2
12650 220 13150 3140 1 2
12650 4420 13150 7340 0 2
12650 4420 13150 7340 1 2
12650 6940 13150 14900 0 2
12650 6940 13150 14900 1 2
12650 15340 13150 23300 0 2
12650 15340 13150 23300 1 2
12650 22900 13150 25820 0 2
12650 22900 13150 25820 1 2
12650 27100 13150 30020 0 2
12650 27100 13150 30020 1 2
13510 6940 14010 14900 0 2
13510 6940 14010 14900 1 2
13510 15340 14010 23300 0 2
13510 15340 14010 23300 1 2
15400 14000 17280 14560 1 2
15400 14000 17280 14560 2 2
15380 14000 17300 14560 0 2
15380 14000 17300 14560 1 2
15400 14840 17280 15400 1 2
15400 14840 17280 15400 2 2
15380 14840 17300 15400 0 2
15380 14840 17300 15400 1 2
15400 15680 17280 16240 1 2
15400 15680 17280 16240 2 2
15380 15680 17300 16240 0 2
15380 15680 17300 16240 1 2
15420 14000 17260 14560 1 2
15420 14000 17260 14560 2 2
15400 14000 17280 14560 0 2
15400 14000 17280 14560 1 2
15420 15680 17260 16240 1 2
15420 15680 17260 16240 2 2
15400 15680 17280 16240 0 2
15400 15680 17280 16240 1 2
16090 13660 16590 14900 0 2
16090 13660 16590 14900 1 2
16090 13830 16590 16410 0 2
16090 13830 16590 16410 1 2
16090 14500 16590 15740 0 2
16090 14500 16590 15740 1 2
16090 15340 16590 16580 0 2
16090 15340 16590 16580 1 2
16260 1400 19860 1960 1 2
16260 1400 19860 1960 2 2
16240 1400 19880 1960 0 2
16240 1400 19880 1960 1 2
16260 13160 19860 13720 1 2
16260 13160 19860 13720 2 2
16240 13160 19880 13720 0 2
16240 13160 19880 13720 1 2
16260 16520 19860 17080 1 2
16260 16520 19860 17080 2 2
16240 16520 19880 17080 0 2
16240 16520 19880 17080 1 2
16260 28280 19860 28840 1 2
16260 28280 19860 28840 2 2
16240 28280 19880 28840 0 2
16240 28280 19880 28840 1 2
16950 6940 17450 14900 0 2
16950 6940 17450 14900 1 2
16950 15340 17450 23300 0 2
16950 15340 17450 23300 1 2
17810 220 18310 3140 0 2
17810 220 18310 3140 1 2
17810 4420 18310 7340 0 2
17810 4420 18310 7340 1 2
17810 6940 18310 14900 0 2
17810 6940 18310 14900 1 2
17810 15340 18310 23300 0 2
17810 15340 18310 23300 1 2
17810 22900 18310 25820 0 2
17810 22900 18310 25820 1 2
17810 27100 18310 30020 0 2
17810 27100 18310 30020 1 2
18000 2240 19840 2800 1 2
18000 2240 19840 2800 2 2
17980 2240 19860 2800 0 2
17980 2240 19860 2800 1 2
18000 17360 19840 17920 1 2
18000 17360 19840 17920 2 2
17980 17360 19860 17920 0 2
17980 17360 19860 17920 1 2
18640 710 19200 14410 2 2
18640 710 19200 14410 3 2
18640 760 19200 14360 1 2
18640 760 19200 14360 2 2
18640 1500 19200 3540 2 2
18640 1500 19200 3540 3 2
18640 1550 19200 3490 1 2
18640 1550 19200 3490 2 2
18640 1550 19200 3490 2 2
18640 1550 19200 3490 3 2
18640 1600 19200 3440 1 2
18640 1600 19200 3440 2 2
18640 15830 19200 29530 2 2
18640 15830 19200 29530 3 2
18640 15880 19200 29480 1 2
18640 15880 19200 29480 2 2
18640 16620 19200 18660 2 2
18640 16620 19200 18660 3 2
18640 16670 19200 18610 1 2
18640 16670 19200 18610 2 2
18640 16670 19200 18610 2 2
18640 16670 19200 18610 3 2
18640 16720 19200 18560 1 2
18640 16720 19200 18560 2 2
18670 6940 19170 14900 0 2
18670 6940 19170 14900 1 2
18670 15340 19170 23300 0 2
18670 15340 19170 23300 1 2
18320 17360 22960 17920 1 2
18320 17360 22960 17920 2 2
18300 17360 22980 17920 0 2
18300 17360 22980 17920 1 2
21420 1400 25020 1960 1 2
21420 1400 25020 1960 2 2
21400 1400 25040 1960 0 2
21400 1400 25040 1960 1 2
21420 13160 25020 13720 1 2
21420 13160 25020 13720 2 2
21400 13160 25040 13720 0 2
21400 13160 25040 13720 1 2
21420 16520 25020 17080 1 2
21420 16520 25020 17080 2 2
21400 16520 25040 17080 0 2
21400 16520 25040 17080 1 2
21420 28280 25020 28840 1 2
21420 28280 25020 28840 2 2
21400 28280 25040 28840 0 2
21400 28280 25040 28840 1 2
21440 17360 23280 17920 1 2
21440 17360 23280 17920 2 2
21420 17360 23300 17920 0 2
21420 17360 23300 17920 1 2
22080 710 22640 14410 2 2
22080 710 22640 14410 3 2
22080 760 22640 14360 1 2
22080 760 22640 14360 2 2
22080 12790 22640 17450 2 2
22080 12790 22640 17450 3 2
22080 12840 22640 17400 1 2
22080 12840 22640 17400 2 2
22080 15830 22640 29530 2 2
22080 15830 22640 29530 3 2
22080 15880 22640 29480 1 2
22080 15880 22640 29480 2 2
22080 16620 22640 18660 2 2
22080 16620 22640 18660 3 2
22080 16670 22640 18610 1 2
22080 16670 22640 18610 2 2
22080 16670 22640 18610 2 2
22080 16670 22640 18610 3 2
22080 16720 22640 18560 1 2
22080 16720 22640 18560 2 2
22110 220 22610 8180 0 2
22110 220 22610 8180 1 2
22110 15340 22610 23300 0 2
22110 15340 22610 23300 1 2
22280 560 25880 1120 1 2
22280 560 25880 1120 2 2
22260 560 25900 1120 0 2
22260 560 25900 1120 1 2
22280 8960 25880 9520 1 2
22280 8960 25880 9520 2 2
22260 8960 25900 9520 0 2
22260 8960 25900 9520 1 2
22280 15680 25880 16240 1 2
22280 15680 25880 16240 2 2
22260 15680 25900 16240 0 2
22260 15680 25900 16240 1 2
22280 24080 25880 24640 1 2
22280 24080 25880 24640 2 2
22260 24080 25900 24640 0 2
22260 24080 25900 24640 1 2
22940 -130 23500 10210 2 2
22940 -130 23500 10210 3 2
22940 -80 23500 10160 1 2
22940 -80 23500 10160 2 2
22940 14990 23500 25330 2 2
22940 14990 23500 25330 3 2
22940 15040 23500 25280 1 2
22940 15040 23500 25280 2 2
22970 220 23470 8180 0 2
22970 220 23470 8180 1 2
22970 7780 23470 10700 0 2
22970 7780 23470 10700 1 2
22970 11980 23470 14900 0 2
22970 11980 23470 14900 1 2
22970 15340 23470 23300 0 2
22970 15340 23470 23300 1 2
22970 22900 23470 25820 0 2
22970 22900 23470 25820 1 2
22970 27100 23470 30020 0 2
22970 27100 23470 30020 1 2
23830 220 24330 8180 0 2
23830 220 24330 8180 1 2
23830 15340 24330 23300 0 2
23830 15340 24330 23300 1 2
