1000 960 2440 2400 0 2
1000 16080 2440 17520 0 2
1860 120 3300 1560 0 2
1860 8520 3300 9960 0 2
1860 12720 3300 14160 0 2
1860 15240 3300 16680 0 2
1860 23640 3300 25080 0 2
1860 27840 3300 29280 0 2
2720 960 4160 2400 0 2
2720 16080 4160 17520 0 2
5300 13560 6740 15000 0 2
5300 15240 6740 16680 0 2
6160 12720 7600 14160 0 2
6160 16080 7600 17520 0 2
7020 960 8460 2400 0 2
7020 5160 8460 6600 0 2
7020 13560 8460 15000 0 2
7020 15240 8460 16680 0 2
7020 23640 8460 25080 0 2
7020 27840 8460 29280 0 2
7880 12720 9320 14160 0 2
7880 16080 9320 17520 0 2
8740 5160 10180 6600 0 2
8740 13560 10180 15000 0 2
8740 23640 10180 25080 0 2
11320 12720 12760 14160 0 2
11320 16080 12760 17520 0 2
12180 960 13620 2400 0 2
12180 5160 13620 6600 0 2
12180 13560 13620 15000 0 2
12180 15240 13620 16680 0 2
12180 23640 13620 25080 0 2
12180 27840 13620 29280 0 2
13040 12720 14480 14160 0 2
13040 16080 14480 17520 0 2
13900 13560 15340 15000 0 2
13900 15240 15340 16680 0 2
15620 13560 17060 15000 0 2
15620 14400 17060 15840 0 2
15620 15240 17060 16680 0 2
16480 12720 17920 14160 0 2
16480 16080 17920 17520 0 2
17340 960 18780 2400 0 2
17340 5160 18780 6600 0 2
17340 13560 18780 15000 0 2
17340 15240 18780 16680 0 2
17340 23640 18780 25080 0 2
17340 27840 18780 29280 0 2
18200 12720 19640 14160 0 2
18200 16080 19640 17520 0 2
21640 960 23080 2400 0 2
21640 16080 23080 17520 0 2
22500 120 23940 1560 0 2
22500 8520 23940 9960 0 2
22500 12720 23940 14160 0 2
22500 15240 23940 16680 0 2
22500 23640 23940 25080 0 2
22500 27840 23940 29280 0 2
23360 960 24800 2400 0 2
23360 16080 24800 17520 0 2
1940 200 3220 1480 1 2
1940 8600 3220 9880 1 2
1940 15320 3220 16600 1 2
1940 23720 3220 25000 1 2
2800 1040 4080 2320 1 2
2800 12800 4080 14080 1 2
2800 16160 4080 17440 1 2
2800 17000 4080 18280 1 2
2800 27920 4080 29200 1 2
5380 5240 6660 6520 1 2
5380 14480 6660 15760 1 2
5380 23720 6660 25000 1 2
7960 1040 9240 2320 1 2
7960 1880 9240 3160 1 2
7960 12800 9240 14080 1 2
7960 16160 9240 17440 1 2
7960 17000 9240 18280 1 2
7960 27920 9240 29200 1 2
11400 1040 12680 2320 1 2
11400 1880 12680 3160 1 2
11400 12800 12680 14080 1 2
11400 16160 12680 17440 1 2
11400 17000 12680 18280 1 2
11400 27920 12680 29200 1 2
15700 5240 16980 6520 1 2
15700 23720 16980 25000 1 2
18280 1040 19560 2320 1 2
18280 1880 19560 3160 1 2
18280 12800 19560 14080 1 2
18280 16160 19560 17440 1 2
18280 17000 19560 18280 1 2
18280 27920 19560 29200 1 2
21720 1040 23000 2320 1 2
21720 12800 23000 14080 1 2
21720 16160 23000 17440 1 2
21720 17000 23000 18280 1 2
21720 27920 23000 29200 1 2
22580 200 23860 1480 1 2
22580 8600 23860 9880 1 2
22580 15320 23860 16600 1 2
22580 23720 23860 25000 1 2
