15400 14000 17280 14560 1 2
15400 14000 17280 14560 2 2
15380 14000 17300 14560 0 2
15380 14000 17300 14560 1 2
15400 15680 17280 16240 1 2
15400 15680 17280 16240 2 2
15380 15680 17300 16240 0 2
15380 15680 17300 16240 1 2
15420 14000 17260 14560 1 2
15420 14000 17260 14560 2 2
15400 14000 17280 14560 0 2
15400 14000 17280 14560 1 2
15420 15680 17260 16240 1 2
15420 15680 17260 16240 2 2
15400 15680 17280 16240 0 2
15400 15680 17280 16240 1 2
16090 13660 16590 14900 0 2
16090 13660 16590 14900 1 2
16090 13830 16590 16410 0 2
16090 13830 16590 16410 1 2
16090 15340 16590 16580 0 2
16090 15340 16590 16580 1 2
16260 1400 19860 1960 1 2
16260 1400 19860 1960 2 2
16240 1400 19880 1960 0 2
16240 1400 19880 1960 1 2
16260 13160 19860 13720 1 2
16260 13160 19860 13720 2 2
16240 13160 19880 13720 0 2
16240 13160 19880 13720 1 2
16260 16520 19860 17080 1 2
16260 16520 19860 17080 2 2
16240 16520 19880 17080 0 2
16240 16520 19880 17080 1 2
16260 28280 19860 28840 1 2
16260 28280 19860 28840 2 2
16240 28280 19880 28840 0 2
16240 28280 19880 28840 1 2
16950 6940 17450 14900 0 2
16950 6940 17450 14900 1 2
16950 15340 17450 23300 0 2
16950 15340 17450 23300 1 2
17810 220 18310 3140 0 2
17810 220 18310 3140 1 2
17810 4420 18310 7340 0 2
17810 4420 18310 7340 1 2
17810 6940 18310 14900 0 2
17810 6940 18310 14900 1 2
17810 15340 18310 23300 0 2
17810 15340 18310 23300 1 2
17810 22900 18310 25820 0 2
17810 22900 18310 25820 1 2
17810 27100 18310 30020 0 2
17810 27100 18310 30020 1 2
18640 710 19200 14410 2 2
18640 710 19200 14410 3 2
18640 760 19200 14360 1 2
18640 760 19200 14360 2 2
18640 15830 19200 29530 2 2
18640 15830 19200 29530 3 2
18640 15880 19200 29480 1 2
18640 15880 19200 29480 2 2
18670 6940 19170 14900 0 2
18670 6940 19170 14900 1 2
18670 15340 19170 23300 0 2
18670 15340 19170 23300 1 2
