5300 13560 6740 15000 0 2
5300 15240 6740 16680 0 2
6160 12720 7600 14160 0 2
6160 16080 7600 17520 0 2
7020 960 8460 2400 0 2
7020 5160 8460 6600 0 2
7020 13560 8460 15000 0 2
7020 15240 8460 16680 0 2
7020 23640 8460 25080 0 2
7020 27840 8460 29280 0 2
7880 12720 9320 14160 0 2
7880 16080 9320 17520 0 2
8740 5160 10180 6600 0 2
8740 13560 10180 15000 0 2
8740 23640 10180 25080 0 2
11320 12720 12760 14160 0 2
11320 16080 12760 17520 0 2
12180 960 13620 2400 0 2
12180 5160 13620 6600 0 2
12180 13560 13620 15000 0 2
12180 15240 13620 16680 0 2
12180 23640 13620 25080 0 2
12180 27840 13620 29280 0 2
13040 12720 14480 14160 0 2
13040 16080 14480 17520 0 2
13900 13560 15340 15000 0 2
13900 15240 15340 16680 0 2
5380 5240 6660 6520 1 2
5380 23720 6660 25000 1 2
7960 1040 9240 2320 1 2
7960 12800 9240 14080 1 2
7960 16160 9240 17440 1 2
7960 17000 9240 18280 1 2
7960 27920 9240 29200 1 2
11400 1040 12680 2320 1 2
11400 12800 12680 14080 1 2
11400 16160 12680 17440 1 2
11400 17000 12680 18280 1 2
11400 27920 12680 29200 1 2
