5080 5600 8680 6160 1 2
5080 5600 8680 6160 2 2
5060 5600 8700 6160 0 2
5060 5600 8700 6160 1 2
5080 14000 6960 14560 1 2
5080 14000 6960 14560 2 2
5060 14000 6980 14560 0 2
5060 14000 6980 14560 1 2
5080 15680 6960 16240 1 2
5080 15680 6960 16240 2 2
5060 15680 6980 16240 0 2
5060 15680 6980 16240 1 2
5080 24080 8680 24640 1 2
5080 24080 8680 24640 2 2
5060 24080 8700 24640 0 2
5060 24080 8700 24640 1 2
5100 5600 6940 6160 1 2
5100 5600 6940 6160 2 2
5080 5600 6960 6160 0 2
5080 5600 6960 6160 1 2
5100 14000 6940 14560 1 2
5100 14000 6940 14560 2 2
5080 14000 6960 14560 0 2
5080 14000 6960 14560 1 2
5100 15680 6940 16240 1 2
5100 15680 6940 16240 2 2
5080 15680 6960 16240 0 2
5080 15680 6960 16240 1 2
5100 24080 6940 24640 1 2
5100 24080 6940 24640 2 2
5080 24080 6960 24640 0 2
5080 24080 6960 24640 1 2
5740 4910 6300 6850 2 2
5740 4910 6300 6850 3 2
5740 4960 6300 6800 1 2
5740 4960 6300 6800 2 2
5740 5230 6300 25010 2 2
5740 5230 6300 25010 3 2
5740 5280 6300 24960 1 2
5740 5280 6300 24960 2 2
5740 23390 6300 25330 2 2
5740 23390 6300 25330 3 2
5740 23440 6300 25280 1 2
5740 23440 6300 25280 2 2
5770 13660 6270 14900 0 2
5770 13660 6270 14900 1 2
5770 13830 6270 16410 0 2
5770 13830 6270 16410 1 2
5770 15340 6270 16580 0 2
5770 15340 6270 16580 1 2
5940 1400 9540 1960 1 2
5940 1400 9540 1960 2 2
5920 1400 9560 1960 0 2
5920 1400 9560 1960 1 2
5940 13160 9540 13720 1 2
5940 13160 9540 13720 2 2
5920 13160 9560 13720 0 2
5920 13160 9560 13720 1 2
5940 16520 9540 17080 1 2
5940 16520 9540 17080 2 2
5920 16520 9560 17080 0 2
5920 16520 9560 17080 1 2
5940 28280 9540 28840 1 2
5940 28280 9540 28840 2 2
5920 28280 9560 28840 0 2
5920 28280 9560 28840 1 2
6630 6940 7130 14900 0 2
6630 6940 7130 14900 1 2
6630 15340 7130 23300 0 2
6630 15340 7130 23300 1 2
7490 220 7990 3140 0 2
7490 220 7990 3140 1 2
7490 4420 7990 7340 0 2
7490 4420 7990 7340 1 2
7490 6940 7990 14900 0 2
7490 6940 7990 14900 1 2
7490 15340 7990 23300 0 2
7490 15340 7990 23300 1 2
7490 22900 7990 25820 0 2
7490 22900 7990 25820 1 2
7490 27100 7990 30020 0 2
7490 27100 7990 30020 1 2
7140 14000 10060 14560 1 2
7140 14000 10060 14560 2 2
7120 14000 10080 14560 0 2
7120 14000 10080 14560 1 2
7680 17360 9520 17920 1 2
7680 17360 9520 17920 2 2
7660 17360 9540 17920 0 2
7660 17360 9540 17920 1 2
8320 15830 8880 29530 2 2
8320 15830 8880 29530 3 2
8320 15880 8880 29480 1 2
8320 15880 8880 29480 2 2
8320 16620 8880 18660 2 2
8320 16620 8880 18660 3 2
8320 16670 8880 18610 1 2
8320 16670 8880 18610 2 2
8320 16670 8880 18610 2 2
8320 16670 8880 18610 3 2
8320 16720 8880 18560 1 2
8320 16720 8880 18560 2 2
8350 6940 8850 14900 0 2
8350 6940 8850 14900 1 2
8350 15340 8850 23300 0 2
8350 15340 8850 23300 1 2
8000 17360 12640 17920 1 2
8000 17360 12640 17920 2 2
7980 17360 12660 17920 0 2
7980 17360 12660 17920 1 2
8520 5600 10400 6160 1 2
8520 5600 10400 6160 2 2
8500 5600 10420 6160 0 2
8500 5600 10420 6160 1 2
8520 14000 10400 14560 1 2
8520 14000 10400 14560 2 2
8500 14000 10420 14560 0 2
8500 14000 10420 14560 1 2
8520 24080 10400 24640 1 2
8520 24080 10400 24640 2 2
8500 24080 10420 24640 0 2
8500 24080 10420 24640 1 2
9210 5260 9710 6500 0 2
9210 5260 9710 6500 1 2
9210 5430 9710 14730 0 2
9210 5430 9710 14730 1 2
9210 13660 9710 14900 0 2
9210 13660 9710 14900 1 2
9210 13830 9710 24810 0 2
9210 13830 9710 24810 1 2
9210 23740 9710 24980 0 2
9210 23740 9710 24980 1 2
8860 5600 13500 6160 1 2
8860 5600 13500 6160 2 2
8840 5600 13520 6160 0 2
8840 5600 13520 6160 1 2
8860 24080 13500 24640 1 2
8860 24080 13500 24640 2 2
8840 24080 13520 24640 0 2
8840 24080 13520 24640 1 2
11100 1400 14700 1960 1 2
11100 1400 14700 1960 2 2
11080 1400 14720 1960 0 2
11080 1400 14720 1960 1 2
11100 13160 14700 13720 1 2
11100 13160 14700 13720 2 2
11080 13160 14720 13720 0 2
11080 13160 14720 13720 1 2
11100 16520 14700 17080 1 2
11100 16520 14700 17080 2 2
11080 16520 14720 17080 0 2
11080 16520 14720 17080 1 2
11100 28280 14700 28840 1 2
11100 28280 14700 28840 2 2
11080 28280 14720 28840 0 2
11080 28280 14720 28840 1 2
11120 17360 12960 17920 1 2
11120 17360 12960 17920 2 2
11100 17360 12980 17920 0 2
11100 17360 12980 17920 1 2
11760 15830 12320 29530 2 2
11760 15830 12320 29530 3 2
11760 15880 12320 29480 1 2
11760 15880 12320 29480 2 2
11760 16620 12320 18660 2 2
11760 16620 12320 18660 3 2
11760 16670 12320 18610 1 2
11760 16670 12320 18610 2 2
11760 16670 12320 18610 2 2
11760 16670 12320 18610 3 2
11760 16720 12320 18560 1 2
11760 16720 12320 18560 2 2
11790 6940 12290 14900 0 2
11790 6940 12290 14900 1 2
11790 15340 12290 23300 0 2
11790 15340 12290 23300 1 2
11960 5600 15560 6160 1 2
11960 5600 15560 6160 2 2
11940 5600 15580 6160 0 2
11940 5600 15580 6160 1 2
11960 14000 15560 14560 1 2
11960 14000 15560 14560 2 2
11940 14000 15580 14560 0 2
11940 14000 15580 14560 1 2
11960 15680 15560 16240 1 2
11960 15680 15560 16240 2 2
11940 15680 15580 16240 0 2
11940 15680 15580 16240 1 2
11960 24080 15560 24640 1 2
11960 24080 15560 24640 2 2
11940 24080 15580 24640 0 2
11940 24080 15580 24640 1 2
12650 220 13150 3140 0 2
12650 220 13150 3140 1 2
12650 4420 13150 7340 0 2
12650 4420 13150 7340 1 2
12650 6940 13150 14900 0 2
12650 6940 13150 14900 1 2
12650 15340 13150 23300 0 2
12650 15340 13150 23300 1 2
12650 22900 13150 25820 0 2
12650 22900 13150 25820 1 2
12650 27100 13150 30020 0 2
12650 27100 13150 30020 1 2
13510 6940 14010 14900 0 2
13510 6940 14010 14900 1 2
13510 15340 14010 23300 0 2
13510 15340 14010 23300 1 2
13680 14000 15560 14560 1 2
13680 14000 15560 14560 2 2
13660 14000 15580 14560 0 2
13660 14000 15580 14560 1 2
13680 15680 15560 16240 1 2
13680 15680 15560 16240 2 2
13660 15680 15580 16240 0 2
13660 15680 15580 16240 1 2
13700 14000 15540 14560 1 2
13700 14000 15540 14560 2 2
13680 14000 15560 14560 0 2
13680 14000 15560 14560 1 2
13700 15680 15540 16240 1 2
13700 15680 15540 16240 2 2
13680 15680 15560 16240 0 2
13680 15680 15560 16240 1 2
14370 13660 14870 14900 0 2
14370 13660 14870 14900 1 2
14370 13830 14870 16410 0 2
14370 13830 14870 16410 1 2
14370 15340 14870 16580 0 2
14370 15340 14870 16580 1 2
